# data from file /Users/tpaneque/Library/CloudStorage/Dropbox/Documents_MAC_ESO/MAPS/hd163296/HD_163296_CO_220GHz.robust_0.5.JvMcorr.image.fits
# parameters used:
# PA: -133.3
# inc: 46.7
# dist: 101.0 
# vsys: 5800.0
# r[au] h[au]
1.231300639052594725e+01 9.267417912420424786e-01
1.325853354527646211e+01 1.853483582484084957e+00
1.458811623245698996e+01 1.853483582484084957e+00
1.458811623245698996e+01 1.853483582484084957e+00
1.475151750101611192e+01 3.706967164968169914e+00
1.545723155812859595e+01 9.267417912421213044e-01
1.612235060270556986e+01 2.780225373726206151e+00
1.671838650115156000e+01 3.706967164968328010e+00
1.723237106137790420e+01 2.780225373726206151e+00
1.804704799238256285e+01 9.267417912420424786e-01
1.868525550128700630e+01 5.560450747452412301e+00
1.868525550128709156e+01 1.853483582484164005e+00
1.893837334085932866e+01 2.780225373726206151e+00
1.901263389508481083e+01 -0.000000000000000000e+00
1.904521894544173932e+01 9.267417912420424786e-01
1.996258177363291964e+01 5.560450747452412301e+00
1.996258177363300135e+01 1.853483582484164005e+00
1.996258177363300135e+01 1.853483582484164005e+00
1.996258177363300135e+01 1.853483582484164005e+00
1.997996098218278149e+01 9.267417912421213044e-01
1.997996098218278149e+01 9.267417912421213044e-01
2.088595854372022487e+01 9.267417912421213044e-01
2.094878805330771598e+01 3.706967164968248962e+00
2.145255330886601186e+01 5.560450747452412301e+00
2.181458558723640095e+01 3.706967164968248962e+00
2.181458558723640095e+01 3.706967164968248962e+00
2.231435942819680207e+01 6.487192538694376509e+00
2.274781992252381357e+01 4.633708956210291774e+00
2.318584733719295699e+01 3.706967164968248962e+00
2.318584733719295699e+01 3.706967164968248962e+00
2.318584733719298185e+01 3.706967164968248962e+00
2.318584733719298185e+01 3.706967164968248962e+00
2.337952875553310150e+01 1.853483582484164005e+00
2.386244082343792527e+01 9.267417912421213044e-01
2.406596525444858869e+01 4.633708956210291774e+00
2.483558151991457663e+01 1.112090149490466651e+01
2.495380005820524616e+01 3.706967164968248962e+00
2.495380005820524616e+01 3.706967164968248962e+00
2.557011014588674414e+01 7.413934329936418877e+00
2.579846904351857262e+01 4.633708956210291774e+00
2.579846904351857262e+01 4.633708956210291774e+00
2.579846904351857262e+01 4.633708956210291774e+00
2.579846904351857262e+01 4.633708956210291774e+00
2.580950258421156107e+01 6.487192538694376509e+00
2.651706709055277500e+01 9.267417912421213044e-01
2.651706709055277500e+01 6.487192538694376509e+00
2.662860226722278156e+01 3.706967164968248962e+00
2.662860226722278156e+01 3.706967164968248962e+00
2.678411888952793163e+01 9.267417912420503612e+00
2.753616600189660701e+01 8.340676121178461244e+00
2.765614252721504585e+01 6.487192538694376509e+00
2.786815880733329109e+01 4.633708956210291774e+00
2.831833728583998777e+01 5.560450747452333253e+00
2.841841543796225622e+01 4.633708956210291774e+00
2.841841543796225622e+01 8.340676121178461244e+00
2.841841543796225622e+01 8.340676121178461244e+00
2.856782841816266227e+01 3.706967164968169914e+00
2.863836114422933221e+01 3.706967164968248962e+00
2.917623246491383071e+01 6.487192538694376509e+00
2.948412638022987053e+01 8.340676121178461244e+00
2.950303500203205331e+01 6.487192538694376509e+00
3.004182321182654647e+01 3.706967164968169914e+00
3.021591463047175807e+01 5.560450747452333253e+00
3.021591463047175807e+01 5.560450747452333253e+00
3.040461943706927173e+01 3.706967164968169914e+00
3.068821104565426694e+01 7.413934329936497925e+00
3.091446311625719190e+01 4.633708956210291774e+00
3.091446311625719190e+01 8.340676121178461244e+00
3.102137668073508081e+01 6.487192538694376509e+00
3.128563121663154334e+01 7.413934329936497925e+00
3.164439427224619550e+01 6.487192538694376509e+00
3.225675267325937057e+01 7.413934329936497925e+00
3.225675267325937057e+01 7.413934329936497925e+00
3.238452896426964855e+01 5.560450747452333253e+00
3.245333850223531158e+01 9.267417912420583548e+00
3.245333850223539685e+01 1.482786865987291591e+01
3.264292656029511619e+01 9.267417912420583548e+00
3.266155691463265498e+01 4.633708956210291774e+00
3.266155691463265498e+01 8.340676121178461244e+00
3.267862705215058838e+01 6.487192538694376509e+00
3.313732080977152350e+01 6.487192538694376509e+00
3.318777076314421492e+01 6.487192538694376509e+00
3.320519654905348972e+01 9.267417912420583548e+00
3.349484251038405347e+01 3.706967164968169914e+00
3.362081592239691474e+01 1.390112686863087532e+01
3.412172988378564753e+01 3.706967164968169914e+00
3.412172988378564753e+01 9.267417912420583548e+00
3.442020750237084314e+01 1.482786865987291591e+01
3.446474212275595050e+01 6.487192538694376509e+00
3.459901962464279279e+01 1.482786865987291591e+01
3.467756507267268518e+01 8.340676121178461244e+00
3.467756507267268518e+01 8.340676121178461244e+00
3.477350837174162024e+01 7.413934329936418877e+00
3.505839498791847575e+01 8.340676121178461244e+00
3.518467968741860119e+01 5.560450747452254205e+00
3.518467968741860119e+01 7.413934329936497925e+00
3.518467968741860119e+01 7.413934329936497925e+00
3.536499359003318688e+01 3.706967164968169914e+00
3.536499359003318688e+01 9.267417912420583548e+00
3.547564232951511087e+01 6.487192538694376509e+00
3.604014039802606817e+01 6.487192538694376509e+00
3.604014039802606817e+01 6.487192538694376509e+00
3.609409598476511860e+01 1.204764328614678881e+01
3.609409598476511860e+01 1.204764328614678881e+01
3.625909755656603295e+01 6.487192538694376509e+00
3.625909755656603295e+01 6.487192538694376509e+00
3.626956548526555935e+01 4.633708956210291774e+00
3.626956548526555935e+01 4.633708956210291774e+00
3.626956548526555935e+01 8.340676121178461244e+00
3.638707650250637471e+01 1.112090149490466651e+01
3.691845998428721032e+01 8.340676121178461244e+00
3.705921254317010494e+01 1.112090149490466651e+01
3.706370062457211390e+01 7.413934329936497925e+00
3.737051100257401259e+01 1.204764328614678881e+01
3.753527097376088051e+01 1.204764328614678881e+01
3.776975841611022133e+01 8.340676121178461244e+00
3.787674668171872838e+01 6.487192538694376509e+00
3.788261615465082599e+01 1.112090149490466651e+01
3.799530649822358441e+01 6.487192538694376509e+00
3.799530649822358441e+01 6.487192538694376509e+00
3.840782893966459710e+01 6.487192538694376509e+00
3.840782893966463973e+01 6.487192538694376509e+00
3.851449869983730423e+01 9.267417912420583548e+00
3.916831719936251233e+01 7.413934329936497925e+00
3.952157295757108102e+01 6.487192538694376509e+00
3.952607835458748298e+01 4.633708956210291774e+00
3.952607835458751140e+01 4.633708956210291774e+00
3.977560063582923533e+01 9.267417912420583548e+00
3.993854162877079972e+01 6.487192538694376509e+00
3.993854162877082814e+01 6.487192538694376509e+00
3.995992196436546351e+01 8.340676121178539404e+00
4.040490314804661409e+01 5.560450747452333253e+00
4.066261651758927798e+01 6.487192538694376509e+00
4.074657582007116474e+01 6.487192538694376509e+00
4.074657582007116474e+01 6.487192538694376509e+00
4.074657582007116474e+01 6.487192538694376509e+00
4.092840065392219628e+01 3.706967164968328010e+00
4.129275910613498013e+01 6.487192538694455557e+00
4.150602412102315242e+01 4.633708956210291774e+00
4.177191708744036447e+01 8.340676121178539404e+00
4.177191708744036447e+01 8.340676121178539404e+00
4.192731652486543936e+01 8.340676121178461244e+00
4.205130696761623454e+01 5.560450747452333253e+00
4.205130696761627718e+01 7.413934329936497925e+00
4.219252569632835304e+01 6.487192538694376509e+00
4.219252569632835304e+01 6.487192538694376509e+00
4.228768350291272071e+01 5.560450747452412301e+00
4.262762315694354243e+01 6.487192538694376509e+00
4.290510661773204504e+01 6.487192538694455557e+00
4.310626539801657486e+01 6.487192538694376509e+00
4.324451996754479666e+01 6.487192538694376509e+00
4.345039006935832049e+01 6.487192538694376509e+00
4.358120519632146284e+01 5.560450747452412301e+00
4.367919591221003373e+01 4.633708956210291774e+00
4.367919591221003373e+01 8.340676121178461244e+00
4.383783241845415546e+01 9.267417912421213044e-01
4.391755441650483505e+01 7.413934329936497925e+00
4.392134168709687714e+01 7.413934329936497925e+00
4.392134168709691266e+01 5.560450747452254205e+00
4.425455250304825228e+01 3.706967164968248962e+00
4.439377086625110280e+01 3.706967164968248962e+00
4.439377086625110280e+01 3.706967164968248962e+00
4.456132591973600654e+01 5.560450747452412301e+00
4.456132591973608470e+01 1.853483582484164005e+00
4.462871885639360414e+01 4.633708956210291774e+00
4.462871885639363256e+01 4.633708956210291774e+00
4.463617239525726177e+01 8.340676121178461244e+00
4.480883077213307075e+01 3.706967164968248962e+00
4.480883077213307075e+01 3.706967164968248962e+00
4.488404892267196544e+01 6.487192538694376509e+00
4.488404892267196544e+01 6.487192538694376509e+00
4.524947580698335514e+01 9.267417912420583548e+00
4.537418806517909786e+01 2.780225373726206151e+00
4.549218270831172362e+01 3.706967164968248962e+00
4.549218270831172362e+01 3.706967164968248962e+00
4.578036004680057403e+01 2.780225373726206151e+00
4.578036004680057403e+01 2.780225373726206151e+00
4.579066540296503263e+01 5.560450747452412301e+00
4.579066540296510368e+01 1.853483582484164005e+00
4.580156162239965312e+01 7.413934329936418877e+00
4.601822705950109338e+01 4.633708956210291774e+00
4.643198260819232814e+01 3.706967164968248962e+00
4.643198260819232814e+01 3.706967164968248962e+00
4.644942129257855612e+01 2.780225373726206151e+00
4.673767342731685659e+01 9.267417912420583548e+00
4.673767342731685659e+01 9.267417912420583548e+00
4.716462981854907355e+01 6.487192538694376509e+00
4.722817307174590695e+01 9.267417912420583548e+00
4.724977520928497654e+01 1.112090149490466651e+01
4.737023390037787607e+01 4.633708956210291774e+00
4.740773223954436588e+01 3.706967164968248962e+00
4.740773223954436588e+01 3.706967164968248962e+00
4.754870663171920597e+01 9.267417912420583548e+00
4.782642186026247799e+01 9.267417912420583548e+00
4.802797127601733251e+01 9.267417912420583548e+00
4.831028252305498683e+01 3.706967164968248962e+00
4.831028252305498683e+01 3.706967164968248962e+00
4.834546340875482429e+01 8.340676121178539404e+00
4.836705180811687654e+01 9.267417912421213044e-01
4.852846927420925738e+01 2.780225373726206151e+00
4.852846927420925738e+01 8.340676121178461244e+00
4.891809916145481196e+01 1.112090149490466651e+01
4.891809916145484038e+01 7.413934329936497925e+00
4.901794057822593942e+01 9.267417912420583548e+00
4.901794057822596073e+01 9.267417912420583548e+00
4.914898217559599658e+01 9.267417912420583548e+00
4.922136969651253224e+01 1.112090149490466651e+01
4.925202556210375349e+01 9.267417912421213044e-01
4.970598121465736341e+01 9.267417912420583548e+00
4.982188149146912792e+01 9.267417912420503612e+00
5.035288237256919075e+01 1.019415970366262592e+01
5.036700598895554748e+01 6.487192538694376509e+00
5.036700598895554748e+01 6.487192538694376509e+00
5.036700598895554748e+01 6.487192538694376509e+00
5.046869225935838443e+01 1.019415970366262592e+01
5.057832326614210672e+01 7.413934329936497925e+00
5.057832326614214224e+01 1.112090149490466651e+01
5.062803242051241170e+01 9.267417912420583548e+00
5.110123482760317870e+01 1.019415970366270408e+01
5.148987975924494265e+01 1.019415970366254598e+01
5.159693808703707418e+01 1.204764328614671065e+01
5.175006373527060077e+01 9.267417912420583548e+00
5.201127362057906112e+01 9.267417912420583548e+00
5.202496658186570500e+01 1.112090149490466651e+01
5.235601259934119156e+01 9.267417912420583548e+00
5.274065712041036136e+01 1.019415970366262592e+01
5.280064023224306879e+01 1.112090149490466651e+01
5.307859972246393454e+01 1.112090149490466651e+01
5.307859972246393454e+01 1.112090149490466651e+01
5.325720453444556313e+01 1.019415970366254598e+01
5.325720453444556313e+01 1.019415970366254598e+01
5.325720453444556313e+01 1.019415970366254598e+01
5.349908056307273085e+01 1.204764328614678881e+01
5.359150199537339176e+01 1.204764328614671065e+01
5.359150199537339176e+01 1.204764328614671065e+01
5.375754370031989282e+01 1.204764328614678881e+01
5.380697086762388182e+01 1.019415970366270408e+01
5.410031045345009204e+01 1.112090149490466651e+01
5.422350443953384058e+01 1.204764328614671065e+01
5.491023592963361466e+01 1.297438507738883118e+01
5.505079647179148594e+01 1.204764328614678881e+01
5.531228505443017696e+01 1.019415970366262592e+01
5.573631761466645429e+01 1.204764328614671065e+01
5.578499536938180370e+01 1.112090149490466651e+01
5.600070748363110340e+01 9.267417912420583548e+00
5.602614003379347452e+01 1.482786865987291591e+01
5.633584487460255730e+01 1.204764328614678881e+01
5.633584487460255730e+01 1.204764328614678881e+01
5.656288003441231638e+01 1.204764328614671065e+01
5.727672228845852231e+01 1.390112686863079539e+01
5.727672228845855784e+01 1.390112686863079539e+01
5.763191914951705996e+01 1.482786865987299585e+01
5.763480523541772982e+01 1.297438507738875302e+01
5.765935995672640502e+01 1.390112686863087532e+01
5.765935995672640502e+01 1.390112686863087532e+01
5.778518022973008783e+01 1.204764328614678881e+01
5.786496194427247985e+01 1.668135224235707881e+01
5.786496194427257223e+01 1.297438507738883118e+01
5.801472283245138328e+01 1.204764328614671065e+01
5.839288076079834866e+01 1.297438507738875302e+01
5.845954133159918342e+01 1.204764328614678881e+01
5.875188362378983697e+01 1.482786865987283775e+01
5.884255159578671623e+01 1.204764328614663249e+01
5.896825276045990449e+01 1.204764328614678881e+01
5.921621587081312299e+01 1.482786865987299585e+01
5.921621587081312299e+01 1.482786865987299585e+01
5.941667344017114516e+01 1.112090149490466651e+01
5.991827242858119718e+01 1.482786865987299585e+01
6.003065619011591991e+01 1.482786865987291591e+01
6.003065619011596254e+01 1.482786865987291591e+01
6.027552283160324009e+01 1.390112686863087532e+01
6.087903235709722338e+01 1.668135224235707881e+01
6.092189482700722891e+01 1.482786865987283775e+01
6.157718873766960144e+01 1.204764328614671065e+01
6.173264381277612500e+01 1.482786865987291591e+01
6.176916507231244680e+01 1.297438507738875302e+01
6.176916507231244680e+01 1.668135224235692249e+01
6.183565147417677110e+01 1.390112686863079539e+01
6.183565147417683505e+01 1.575461045111495828e+01
6.204275336147026820e+01 1.575461045111495828e+01
6.211443230597867426e+01 1.575461045111495828e+01
6.259119670530938606e+01 1.575461045111495828e+01
6.265196139037291800e+01 1.668135224235707881e+01
6.294110296571145113e+01 1.482786865987291591e+01
6.297903193593251814e+01 1.575461045111495828e+01
6.319174290353097945e+01 2.038831940732525183e+01
6.348424706232923143e+01 1.760809403359904479e+01
6.358485457981899458e+01 1.668135224235707881e+01
6.358714349533461530e+01 1.019415970366270408e+01
6.367368097454389186e+01 1.204764328614671065e+01
6.394405593658555631e+01 1.668135224235707881e+01
6.402564850725109125e+01 1.668135224235692249e+01
6.409738067000400008e+01 1.575461045111495828e+01
6.422592921709004088e+01 1.204764328614671065e+01
6.428207102481721336e+01 1.390112686863079539e+01
6.486275644892189973e+01 1.668135224235692249e+01
6.496518355186869087e+01 1.760809403359904479e+01
6.521602474897441937e+01 1.575461045111495828e+01
6.521602474897444779e+01 1.575461045111495828e+01
6.532311382926543786e+01 1.760809403359904479e+01
6.551879386831505769e+01 1.482786865987283775e+01
6.567730668146478479e+01 1.760809403359904479e+01
6.568110548272812821e+01 1.760809403359904479e+01
6.575911513631849914e+01 1.390112686863087532e+01
6.575911513631849914e+01 1.575461045111495828e+01
6.591030383350529576e+01 1.482786865987291591e+01
6.624647173533820421e+01 1.668135224235707881e+01
6.642917532195886565e+01 1.760809403359904479e+01
6.665826630904614092e+01 1.482786865987299585e+01
6.682368192642275062e+01 1.390112686863079539e+01
6.703639444712729301e+01 1.482786865987299585e+01
6.705304577322472426e+01 1.853483582484116710e+01
6.710862632295696528e+01 1.760809403359904479e+01
6.749794485398960830e+01 1.760809403359904479e+01
6.756537526038422925e+01 1.853483582484116710e+01
6.757330598061636806e+01 1.390112686863087532e+01
6.757330598061638227e+01 1.390112686863087532e+01
6.803268761801184894e+01 1.482786865987299585e+01
6.817057597231627142e+01 1.760809403359904479e+01
6.824345976757142296e+01 1.760809403359904479e+01
6.856285425653346977e+01 1.390112686863087532e+01
6.857682668591708364e+01 1.853483582484116710e+01
6.889694378755048376e+01 1.019415970366270408e+01
6.889694378755048376e+01 1.946157761608328585e+01
6.914194108668029060e+01 1.760809403359904479e+01
6.917503559150576109e+01 1.482786865987283775e+01
6.936861930556676725e+01 2.038831940732525183e+01
6.951897653638471297e+01 1.668135224235707881e+01
6.955754201157881766e+01 1.482786865987299585e+01
6.993357892431190237e+01 1.668135224235692249e+01
7.033964488793807845e+01 1.853483582484116710e+01
7.045027478553373612e+01 1.760809403359904479e+01
7.072998718006653007e+01 1.204764328614678881e+01
7.074694472782360322e+01 1.760809403359904479e+01
7.092702430180173678e+01 1.946157761608328585e+01
7.095128465903017911e+01 1.946157761608328585e+01
7.122316804113268063e+01 1.482786865987299585e+01
7.122382713216627792e+01 2.038831940732525183e+01
7.131507810532748692e+01 1.482786865987283775e+01
7.131507810532751535e+01 1.482786865987283775e+01
7.140688411957430048e+01 1.297438507738875302e+01
7.153080120043770762e+01 8.340676121178461244e+00
7.154488758451998365e+01 1.760809403359904479e+01
7.208028079605196581e+01 1.575461045111495828e+01
7.218737911095095683e+01 1.760809403359904479e+01
7.220465861299123844e+01 2.131506119856721426e+01
7.230462049883782072e+01 1.482786865987291591e+01
7.238176012603250342e+01 1.204764328614671065e+01
7.310085490302061828e+01 1.575461045111495828e+01
7.317741660380080759e+01 1.853483582484116710e+01
7.317741660380085023e+01 1.668135224235692249e+01
7.340106196238865266e+01 1.760809403359904479e+01
7.343015426029766957e+01 1.946157761608328585e+01
7.345197631216268519e+01 1.760809403359904479e+01
7.353332996620200390e+01 2.316854478105145532e+01
7.381198181246742251e+01 2.409528657229342130e+01
7.383993105342928231e+01 2.038831940732525183e+01
7.387803834315560891e+01 1.760809403359904479e+01
7.390834949760429140e+01 1.853483582484116710e+01
7.395716913990564478e+01 1.482786865987283775e+01
7.397114699747753264e+01 1.204764328614671065e+01
7.421921225178334680e+01 1.482786865987291591e+01
7.467030361593306509e+01 1.297438507738875302e+01
7.481324721509484732e+01 1.204764328614671065e+01
7.531533342737212422e+01 1.946157761608328585e+01
7.533231372880894128e+01 1.482786865987283775e+01
7.575349336343738571e+01 1.946157761608328585e+01
7.575349336343751361e+01 1.390112686863087532e+01
7.582030451385283243e+01 2.594877015477766236e+01
7.599061299644716883e+01 1.946157761608328585e+01
7.607158410084223021e+01 1.668135224235692249e+01
7.607158410084227285e+01 1.853483582484116710e+01
7.638602755857124293e+01 1.668135224235707881e+01
7.673850054826449707e+01 1.853483582484116710e+01
7.681565787932933631e+01 1.204764328614678881e+01
7.739385616443446736e+01 1.482786865987291591e+01
7.800657856929278466e+01 1.112090149490466651e+01
7.862469027869552463e+01 1.390112686863087532e+01
7.901595068957348644e+01 1.668135224235692249e+01
7.901595068957348644e+01 1.853483582484116710e+01
7.950313876320412021e+01 1.853483582484116710e+01
7.984718159512763691e+01 1.853483582484116710e+01
7.988580680166833758e+01 1.482786865987291591e+01
8.020564259235344196e+01 1.760809403359904479e+01
8.049990770220728109e+01 2.780225373726175064e+01
8.077157717749483368e+01 9.267417912420583548e+00
8.144943795506333117e+01 2.316854478105145532e+01
8.179412564700025712e+01 1.482786865987291591e+01
8.190808924092362986e+01 2.038831940732525183e+01
8.194719999425274182e+01 1.482786865987299585e+01
8.200510940242084246e+01 1.853483582484116710e+01
8.222186930610463662e+01 1.853483582484116710e+01
8.251654043455990006e+01 1.760809403359904479e+01
8.326764153419914294e+01 2.594877015477766236e+01
8.344835831997444586e+01 1.760809403359904479e+01
8.354383417488072894e+01 1.760809403359904479e+01
8.360633774555765285e+01 1.946157761608312597e+01
8.503433672222767825e+01 1.853483582484116710e+01
8.526481986607120689e+01 2.409528657229342130e+01
8.529632165672488497e+01 2.316854478105145532e+01
8.586206488712821283e+01 1.760809403359904479e+01
8.621253079603314973e+01 1.760809403359904479e+01
8.636008813510130722e+01 1.668135224235707881e+01
8.653458291151947890e+01 1.760809403359904479e+01
8.666813507946334028e+01 2.594877015477750604e+01
8.669391268168192255e+01 1.946157761608312597e+01
8.675189278462542575e+01 2.594877015477766236e+01
8.676465614745606558e+01 1.946157761608328585e+01
8.713405436208381616e+01 2.409528657229342130e+01
8.747686389957239328e+01 2.038831940732525183e+01
8.753462415061328272e+01 2.038831940732509196e+01
8.784268337419378270e+01 2.316854478105145532e+01
8.807258366196245447e+01 2.316854478105145532e+01
8.809949956972347707e+01 1.853483582484116710e+01
8.869571431952688556e+01 1.575461045111495828e+01
8.887305668729854347e+01 1.946157761608312597e+01
8.892802099925654602e+01 2.224180298980933301e+01
8.905469679635245939e+01 1.668135224235692249e+01
8.921915244605033024e+01 1.946157761608328585e+01
8.927234479051470828e+01 1.760809403359904479e+01
8.942254045131903695e+01 2.502202836353554005e+01
8.955305196634724041e+01 2.687551194601962834e+01
8.963697577779497294e+01 2.038831940732525183e+01
8.974415266737926800e+01 2.409528657229342130e+01
9.040448870572994622e+01 1.760809403359904479e+01
9.096937423691463209e+01 2.316854478105145532e+01
9.099127969009525430e+01 2.131506119856721426e+01
9.113555213410832323e+01 1.946157761608312597e+01
9.117743542332696904e+01 1.668135224235692249e+01
9.119697459917470894e+01 1.853483582484116710e+01
9.147786114090781950e+01 1.853483582484116710e+01
9.147786114090786214e+01 2.409528657229342130e+01
9.203645411900211570e+01 1.760809403359904479e+01
9.203645411900214413e+01 2.316854478105145532e+01
9.209196269026664083e+01 2.224180298980933301e+01
9.260191935426658461e+01 2.687551194601962834e+01
9.274338934877174268e+01 2.316854478105145532e+01
9.278279398692362179e+01 2.316854478105145532e+01
9.302843158341623564e+01 1.760809403359904479e+01
9.302843158341623564e+01 2.316854478105145532e+01
9.362042247922694571e+01 2.224180298980933301e+01
9.431272684820989127e+01 2.594877015477750604e+01
9.432357858250306037e+01 1.853483582484116710e+01
9.433388829875363513e+01 2.409528657229342130e+01
9.439212430018537248e+01 2.316854478105145532e+01
9.445634614349175706e+01 2.131506119856721426e+01
9.490451959381755387e+01 2.038831940732525183e+01
9.547524604172851070e+01 2.038831940732525183e+01
9.568262521827671208e+01 2.687551194601962834e+01
9.584133401235924055e+01 2.316854478105145532e+01
9.633225880619387738e+01 2.131506119856721426e+01
9.633225880619387738e+01 2.502202836353554005e+01
9.644106717459128220e+01 2.594877015477750604e+01
9.697427327579855216e+01 1.946157761608328585e+01
9.697427327579859480e+01 2.502202836353554005e+01
9.698462611295875035e+01 2.038831940732525183e+01
9.698731967714529389e+01 1.853483582484116710e+01
9.705693854841848633e+01 2.872899552850370952e+01
9.723296165996657692e+01 2.409528657229342130e+01
9.730849785852169020e+01 2.316854478105145532e+01
9.747939802522708419e+01 2.409528657229357762e+01
9.770024900680725466e+01 2.502202836353554005e+01
9.829796435119199316e+01 2.131506119856721426e+01
9.829796435119199316e+01 2.502202836353554005e+01
9.834575215706868789e+01 2.594877015477750604e+01
9.851185030214112714e+01 2.780225373726175064e+01
9.879219107899479013e+01 2.502202836353554005e+01
9.889300617897612256e+01 2.502202836353554005e+01
9.890455222671296553e+01 2.502202836353554005e+01
9.892465290514860499e+01 2.409528657229357762e+01
9.912313128577089572e+01 2.594877015477750604e+01
9.944700481740881060e+01 2.780225373726175064e+01
9.954138642304066309e+01 2.502202836353538373e+01
9.967293052788090790e+01 2.502202836353554005e+01
9.975099628679316766e+01 2.316854478105145532e+01
1.002072485287797861e+02 2.502202836353554005e+01
1.004963274618346674e+02 2.409528657229342130e+01
1.007057647451382962e+02 2.316854478105145532e+01
1.010704031940611856e+02 2.872899552850370952e+01
1.011401854707642087e+02 2.594877015477750604e+01
1.013489568743651006e+02 2.872899552850370952e+01
1.015387761750203595e+02 2.594877015477750604e+01
1.015773606933010171e+02 2.594877015477750604e+01
1.016296086126066314e+02 2.687551194601962834e+01
1.017057799903377457e+02 2.594877015477750604e+01
1.022638161385278721e+02 2.780225373726175064e+01
1.024209911669603770e+02 2.502202836353554005e+01
1.024778515594393582e+02 2.687551194601962834e+01
1.029231306000859547e+02 2.965573731974567551e+01
1.029797595184898569e+02 2.872899552850370952e+01
1.031456755431998573e+02 2.409528657229342130e+01
1.032994825982725899e+02 2.594877015477750604e+01
1.035001274705410879e+02 2.502202836353554005e+01
1.035358818426432208e+02 2.872899552850386939e+01
1.037337712049019132e+02 2.872899552850370952e+01
1.038544480766056353e+02 2.780225373726175064e+01
1.039264174269880954e+02 2.594877015477750604e+01
1.039912424959669437e+02 2.594877015477750604e+01
1.041568221868518833e+02 2.594877015477750604e+01
1.042929754373027293e+02 2.965573731974567551e+01
1.046804305743883248e+02 2.502202836353554005e+01
1.047439402665385444e+02 2.594877015477750604e+01
1.047498537031863464e+02 2.780225373726175064e+01
1.048153085747313042e+02 2.780225373726175064e+01
1.051919932131519175e+02 2.316854478105129900e+01
1.052145842181096356e+02 2.502202836353554005e+01
1.054415633402287540e+02 2.594877015477750604e+01
1.056633927684186318e+02 2.687551194601962834e+01
1.056803297410689595e+02 2.780225373726175064e+01
1.057203081662033810e+02 2.594877015477750604e+01
1.061484263193940194e+02 2.594877015477750604e+01
1.061491532609896353e+02 2.502202836353554005e+01
1.062840888716794012e+02 2.316854478105145532e+01
1.064072881955644760e+02 2.687551194601962834e+01
1.068400366708985558e+02 2.872899552850370952e+01
1.069981611261454617e+02 2.687551194601962834e+01
1.070055890813541595e+02 2.409528657229357762e+01
1.071830039907468546e+02 2.687551194601962834e+01
1.072962018006566183e+02 2.594877015477766236e+01
1.074351500587555819e+02 2.872899552850386939e+01
1.075150874006398993e+02 2.502202836353554005e+01
1.076997715148800694e+02 2.594877015477750604e+01
1.077416585704186076e+02 2.872899552850386939e+01
1.077416585704186076e+02 2.872899552850386939e+01
1.079660955487690330e+02 2.502202836353554005e+01
1.080501780735094997e+02 2.687551194601962834e+01
1.081204211940780198e+02 2.872899552850386939e+01
1.081900951567129709e+02 2.687551194601962834e+01
1.084093538267803893e+02 2.872899552850370952e+01
1.092075925467510729e+02 2.316854478105145532e+01
1.092775246756326766e+02 2.409528657229342130e+01
1.092962148219973102e+02 3.058247911098779781e+01
1.094021101924893884e+02 2.594877015477766236e+01
1.095345942342913759e+02 2.409528657229342130e+01
1.095345942342913759e+02 2.965573731974567551e+01
1.095945810461352181e+02 2.316854478105145532e+01
1.096808855196122607e+02 3.984989702340838136e+01
1.099561874445655860e+02 2.687551194601962834e+01
1.100044129538963631e+02 3.058247911098779781e+01
1.100238212299662166e+02 2.594877015477750604e+01
1.102173728883676347e+02 2.872899552850370952e+01
1.107215871785749357e+02 2.780225373726175064e+01
1.108173510390704877e+02 2.409528657229342130e+01
1.110749542203472373e+02 2.594877015477750604e+01
1.114726352293331075e+02 3.058247911098779781e+01
1.114726352293331075e+02 3.058247911098779781e+01
1.115717971409837617e+02 2.687551194601962834e+01
1.116975647767787905e+02 3.243596269347204242e+01
1.120104118989567468e+02 2.872899552850370952e+01
1.120217434926662037e+02 2.594877015477766236e+01
1.120217434926662037e+02 3.150922090222991656e+01
1.120522800675869064e+02 2.872899552850370952e+01
1.121433907576796116e+02 2.131506119856721426e+01
1.121433907576796116e+02 2.502202836353538373e+01
1.122304573040737949e+02 2.409528657229342130e+01
1.125457174893285952e+02 2.780225373726175064e+01
1.129730001410581934e+02 3.150922090222991656e+01
1.135549209088895708e+02 3.150922090222991656e+01
1.136302400451561567e+02 2.872899552850386939e+01
1.136478484639523288e+02 2.594877015477750604e+01
1.137196063071717731e+02 3.058247911098779781e+01
1.138458819125238790e+02 2.780225373726175064e+01
1.140591903166575065e+02 3.428944627595612360e+01
1.141565255632348510e+02 2.687551194601962834e+01
1.141565255632348510e+02 3.243596269347204242e+01
1.146500386364765234e+02 2.965573731974583183e+01
1.146891593162323204e+02 2.594877015477766236e+01
1.150814791263610033e+02 3.150922090222991656e+01
1.152148282257532657e+02 2.780225373726175064e+01
1.152638382990341199e+02 3.058247911098779781e+01
1.152638382990341341e+02 3.243596269347204242e+01
1.152696104708353175e+02 2.872899552850370952e+01
1.154921715533600803e+02 2.965573731974583183e+01
1.156220827025936160e+02 2.872899552850386939e+01
1.158440415664566245e+02 2.780225373726175064e+01
1.160294456649027666e+02 3.243596269347204242e+01
1.160294456649027950e+02 3.243596269347204242e+01
1.161754880000013941e+02 2.965573731974567551e+01
1.166988177069236343e+02 2.316854478105145532e+01
1.167589417945099797e+02 3.058247911098779781e+01
1.172004165267995575e+02 3.058247911098795768e+01
1.176553130548095396e+02 3.150922090222991656e+01
1.180214265248317531e+02 3.614292985844020478e+01
1.180375077817352150e+02 3.428944627595612360e+01
1.183071290379421612e+02 3.150922090222991656e+01
1.183788040045963328e+02 2.872899552850370952e+01
1.183943528489390360e+02 3.336270448471415762e+01
1.184369423422949552e+02 2.872899552850370952e+01
1.192383002881519189e+02 3.150922090222991656e+01
1.192872259939014441e+02 2.594877015477750604e+01
1.193715878694402335e+02 3.150922090222991656e+01
1.195148111645010260e+02 3.521618806719808958e+01
1.196708079406587473e+02 3.150922090222991656e+01
1.204577084328882535e+02 3.428944627595596728e+01
1.211997832530483521e+02 2.872899552850386939e+01
1.212478153623465573e+02 3.521618806719808958e+01
1.213035113769439022e+02 3.428944627595596728e+01
1.219878495527678410e+02 3.428944627595596728e+01
1.222535040395014931e+02 3.150922090222991656e+01
1.225414156345450039e+02 3.706967164968233419e+01
1.225414156345451602e+02 3.150922090222991656e+01
1.227421435003155779e+02 3.706967164968217787e+01
1.227775192089329153e+02 3.614292985844020478e+01
1.229374939820717429e+02 3.058247911098779781e+01
1.232761708181784428e+02 3.336270448471400130e+01
1.233003656239752814e+02 3.614292985844020478e+01
1.238161860526700337e+02 3.892315523216641537e+01
1.238782773184048125e+02 3.984989702340838136e+01
1.241366557687490371e+02 3.706967164968233419e+01
1.248973416555248690e+02 2.594877015477750604e+01
1.256241501465303685e+02 2.594877015477750604e+01
1.257544192644234613e+02 3.614292985844020478e+01
1.257838479577084172e+02 3.243596269347204242e+01
1.258457731879641699e+02 3.706967164968233419e+01
1.261079435736507008e+02 3.428944627595612360e+01
1.262928705133698344e+02 3.892315523216625195e+01
1.263542654926268369e+02 3.799641344092429307e+01
1.264300046511009583e+02 3.892315523216641537e+01
1.265080870873657517e+02 3.150922090222991656e+01
1.265545652223205764e+02 2.594877015477750604e+01
1.269384628503807733e+02 3.150922090222991656e+01
1.270058453021480886e+02 3.614292985844020478e+01
1.271876504129329533e+02 3.428944627595612360e+01
1.273127711621704066e+02 3.521618806719808958e+01
1.274584478945247099e+02 3.336270448471400130e+01
1.275149242626821291e+02 3.428944627595596728e+01
1.284330289658486492e+02 3.984989702340838136e+01
1.285101604184617088e+02 3.428944627595612360e+01
1.292035115719002079e+02 3.799641344092429307e+01
1.293187961940497814e+02 2.872899552850370952e+01
1.297693995890766132e+02 3.614292985844020478e+01
1.298096552165421826e+02 3.428944627595612360e+01
1.303511702080751320e+02 3.428944627595596728e+01
1.303912072059449372e+02 3.428944627595596728e+01
1.304064780725734920e+02 3.336270448471415762e+01
1.307145082086026662e+02 2.872899552850386939e+01
1.311196145976007870e+02 3.521618806719808958e+01
1.315307518795316639e+02 3.706967164968217787e+01
1.316000389919214228e+02 3.336270448471400130e+01
1.316679877189913839e+02 3.150922090222991656e+01
1.316679877189913839e+02 3.706967164968217787e+01
1.317065095903500094e+02 3.984989702340838136e+01
1.319139308053067907e+02 3.799641344092429307e+01
1.320847354761305610e+02 3.799641344092429307e+01
1.321557515013537625e+02 3.243596269347187899e+01
1.324091112498578582e+02 3.428944627595612360e+01
1.326669744643905631e+02 3.706967164968217787e+01
1.330206694762553070e+02 3.150922090222991656e+01
1.333250975974233086e+02 3.428944627595596728e+01
1.333850708705105035e+02 3.892315523216625195e+01
1.340210756835238897e+02 3.428944627595596728e+01
1.342310886253237641e+02 3.521618806719808958e+01
1.343168879715804565e+02 3.799641344092429307e+01
1.343276407570452591e+02 3.521618806719808958e+01
1.345552698995373362e+02 3.243596269347204242e+01
1.351307505207684585e+02 3.428944627595612360e+01
1.354324456409379138e+02 3.892315523216641537e+01
1.355428462910720384e+02 3.706967164968233419e+01
1.356027089149384892e+02 3.892315523216641537e+01
1.356580064551261842e+02 3.243596269347187899e+01
1.356650170377395455e+02 3.428944627595596728e+01
1.357407594803069912e+02 3.521618806719808958e+01
1.358437969766452227e+02 3.984989702340838136e+01
1.363824571722375083e+02 3.984989702340838136e+01
1.363873877930655851e+02 4.170338060589246254e+01
1.363937727614955122e+02 3.521618806719808958e+01
1.366033931106549630e+02 3.243596269347204242e+01
1.378613333646526087e+02 4.355686418837670715e+01
1.378881781720079118e+02 3.428944627595612360e+01
1.379350792193876032e+02 3.799641344092429307e+01
1.379402503934657602e+02 3.984989702340838136e+01
1.380546811785031878e+02 3.428944627595596728e+01
1.381563788858153146e+02 3.706967164968217787e+01
1.381941960913756304e+02 3.428944627595612360e+01
1.382614973859261056e+02 3.892315523216641537e+01
1.382733060547254240e+02 4.263012239713458484e+01
1.384403925167564182e+02 3.892315523216625195e+01
1.387102602906909965e+02 3.243596269347204242e+01
1.388632476623442074e+02 3.521618806719808958e+01
1.393579985595052335e+02 3.892315523216625195e+01
1.394519889836847995e+02 4.077663881465050366e+01
1.394903512170595832e+02 3.428944627595612360e+01
1.395565559398312985e+02 4.077663881465050366e+01
1.398874638113325091e+02 3.706967164968217787e+01
1.399917636398615741e+02 3.892315523216625195e+01
1.400090604149688431e+02 3.521618806719808958e+01
1.404915516737803500e+02 3.428944627595596728e+01
1.408732357811045119e+02 3.243596269347204242e+01
1.409159642347534884e+02 4.355686418837670715e+01
1.410128775761437510e+02 3.336270448471400130e+01
1.410643859241415896e+02 3.521618806719808958e+01
1.411681278322521393e+02 3.984989702340838136e+01
1.415807817230682701e+02 3.706967164968233419e+01
1.415841052088887864e+02 3.984989702340838136e+01
1.416845192152376853e+02 3.706967164968217787e+01
1.419025693180604719e+02 3.428944627595612360e+01
1.420545541373311096e+02 3.336270448471400130e+01
1.421107017011336495e+02 3.984989702340838136e+01
1.423805236036218105e+02 3.521618806719808958e+01
1.426301562106550023e+02 4.170338060589261886e+01
1.427173298902355327e+02 3.428944627595596728e+01
1.428185939101677207e+02 4.077663881465050366e+01
1.428391420908130556e+02 3.706967164968233419e+01
1.430616024008755005e+02 3.984989702340838136e+01
1.431918057211464941e+02 3.521618806719808958e+01
1.431921380523119467e+02 3.428944627595612360e+01
1.432670396261498524e+02 3.428944627595596728e+01
1.435021198904557878e+02 3.984989702340838136e+01
1.436649036380821656e+02 3.892315523216625195e+01
1.436891940785291411e+02 3.521618806719808958e+01
1.437338447343447285e+02 5.097079851831320951e+01
1.439786376569631159e+02 5.375102389203925668e+01
1.442220372080544450e+02 3.799641344092429307e+01
1.443037481843462331e+02 3.984989702340838136e+01
1.443747582219020842e+02 3.799641344092429307e+01
1.449129981584771372e+02 5.097079851831304609e+01
1.450583889279194807e+02 3.706967164968233419e+01
1.450782619410622374e+02 3.614292985844020478e+01
1.450945224603516692e+02 4.263012239713458484e+01
1.451707945852228647e+02 4.170338060589261886e+01
1.453411321220558818e+02 5.004405672707108010e+01
1.454250947729869381e+02 4.448360597961866603e+01
1.456618834968901410e+02 3.892315523216625195e+01
1.462017098060412366e+02 3.428944627595612360e+01
1.462854646341853311e+02 3.799641344092429307e+01
1.467467456003181212e+02 5.189754030955516839e+01
1.469257942834635458e+02 3.799641344092429307e+01
1.475001800404536709e+02 3.799641344092429307e+01
1.476798621068586783e+02 3.614292985844020478e+01
1.476798621068587067e+02 3.799641344092429307e+01
1.480173977324097052e+02 4.541034777086079544e+01
1.482368053266541210e+02 4.355686418837655083e+01
1.482752337107737333e+02 4.170338060589246254e+01
1.484735319049526083e+02 3.892315523216641537e+01
1.484903560059819654e+02 4.077663881465050366e+01
1.485598799728023494e+02 4.077663881465050366e+01
1.486988992727686707e+02 3.892315523216641537e+01
1.489300238402051093e+02 3.706967164968217787e+01
1.498780831854638222e+02 4.170338060589246254e+01
1.499040039819134051e+02 4.819057314458684260e+01
1.502001727274753762e+02 4.170338060589246254e+01
1.502091160591325831e+02 4.263012239713458484e+01
1.503591196139984447e+02 3.799641344092429307e+01
1.503941762647812368e+02 5.467776568328137188e+01
1.506408072499702655e+02 3.706967164968217787e+01
1.506534404154404285e+02 4.819057314458684260e+01
1.506908937394590566e+02 4.077663881465050366e+01
1.507547027350775011e+02 4.355686418837655083e+01
1.507740100810898980e+02 4.726383135334487662e+01
1.509783573123592930e+02 3.706967164968233419e+01
1.510378221577453246e+02 4.355686418837670715e+01
1.512394251810910646e+02 3.614292985844020478e+01
1.514363957056998231e+02 3.706967164968217787e+01
1.524021521617845281e+02 3.706967164968233419e+01
1.526571587268727228e+02 4.541034777086079544e+01
1.527867855443755616e+02 4.263012239713458484e+01
1.529579323381240670e+02 5.189754030955516839e+01
1.531450718425962236e+02 3.614292985844020478e+01
1.539733048286765609e+02 4.726383135334487662e+01
1.539821250554194023e+02 4.263012239713442852e+01
1.539821250554194307e+02 3.706967164968217787e+01
1.542240388281196317e+02 5.097079851831320951e+01
1.542972946440643227e+02 4.263012239713458484e+01
1.543645444888696545e+02 3.984989702340838136e+01
1.543880265596211530e+02 3.892315523216625195e+01
1.553343754125413056e+02 4.448360597961866603e+01
1.554699993569705327e+02 4.726383135334487662e+01
1.555006520843315911e+02 4.541034777086079544e+01
1.556768447793502901e+02 3.706967164968217787e+01
1.559060266000032584e+02 3.799641344092429307e+01
1.563494624102270620e+02 5.189754030955516839e+01
1.564313460422204969e+02 4.633708956210291063e+01
1.566732687974501061e+02 4.911731493582895780e+01
1.571859982083543343e+02 4.726383135334487662e+01
1.573532034513097813e+02 5.097079851831320951e+01
1.575711546714858855e+02 4.077663881465050366e+01
1.578901029212833578e+02 4.541034777086079544e+01
1.579369180541008859e+02 4.726383135334487662e+01
1.589348985202723270e+02 4.819057314458684260e+01
1.592357991673917468e+02 4.263012239713458484e+01
1.593044747743419691e+02 3.984989702340838136e+01
1.595028457000906030e+02 4.355686418837670715e+01
1.596583725070865967e+02 4.819057314458684260e+01
1.600279763066041880e+02 4.819057314458684260e+01
1.603546226651271809e+02 4.170338060589261886e+01
1.604692785570262856e+02 4.819057314458684260e+01
1.604910446836262565e+02 4.448360597961866603e+01
1.604982556580648634e+02 5.097079851831320951e+01
1.611776541374053124e+02 4.448360597961866603e+01
1.616530258391142354e+02 3.984989702340838136e+01
1.618367424508205374e+02 4.263012239713442852e+01
1.619226448213482854e+02 4.263012239713458484e+01
1.619226448213483991e+02 4.819057314458684260e+01
1.623784726262636582e+02 4.355686418837670715e+01
1.625795979876931767e+02 4.819057314458699892e+01
1.627733132981267090e+02 4.819057314458684260e+01
1.632727121462736193e+02 4.819057314458684260e+01
1.636582795068250960e+02 5.097079851831320951e+01
1.637641701555664042e+02 6.301844180445983312e+01
1.638988417280342560e+02 4.633708956210275431e+01
1.639360552764222518e+02 3.984989702340838136e+01
1.641201114538077945e+02 4.726383135334487662e+01
1.642308523062269785e+02 4.263012239713458484e+01
1.644050324279637323e+02 4.077663881465050366e+01
1.644907783878562952e+02 4.633708956210291063e+01
1.645216578301590857e+02 4.263012239713442852e+01
1.646497328144430412e+02 4.541034777086079544e+01
1.647551791411272291e+02 4.541034777086079544e+01
1.647702936499723876e+02 4.819057314458684260e+01
1.648919398568931456e+02 4.077663881465050366e+01
1.655054245013615457e+02 4.726383135334487662e+01
1.655054245013615457e+02 4.911731493582895780e+01
1.656589255680427755e+02 4.633708956210275431e+01
1.658144362599890940e+02 4.633708956210291063e+01
1.660071957832692533e+02 4.911731493582895780e+01
1.660729383048972352e+02 5.097079851831304609e+01
1.661649598573135336e+02 5.097079851831320951e+01
1.663824294662385057e+02 4.077663881465050366e+01
1.669531762024963371e+02 4.726383135334487662e+01
1.670592048160570755e+02 4.633708956210291063e+01
1.670876683497614579e+02 4.726383135334487662e+01
1.671956654934810729e+02 4.819057314458684260e+01
1.675106804082627150e+02 4.541034777086079544e+01
1.676533680653586202e+02 4.263012239713458484e+01
1.676776339732306838e+02 5.931147463949166365e+01
1.678457933926917462e+02 4.819057314458684260e+01
1.682052278704650803e+02 4.726383135334487662e+01
1.684098985555663717e+02 5.004405672707108010e+01
1.690558495589975792e+02 5.097079851831304609e+01
1.690864467453186819e+02 5.004405672707108010e+01
1.692102163925034404e+02 5.282428210079728359e+01
1.698685620489503663e+02 5.745799105700741904e+01
1.702421616309594299e+02 4.726383135334487662e+01
1.703186212101964543e+02 4.541034777086079544e+01
1.703960226495063637e+02 4.541034777086079544e+01
1.709819231039870715e+02 4.819057314458684260e+01
1.711481750537647599e+02 4.911731493582895780e+01
1.716954133456883369e+02 5.838473284824954845e+01
1.720356832093985702e+02 5.097079851831304609e+01
1.722961120829924084e+02 5.004405672707108010e+01
1.724169859536189620e+02 5.097079851831304609e+01
1.724250615920663563e+02 4.541034777086079544e+01
1.724253129918321861e+02 5.467776568328121556e+01
1.725821237498007292e+02 4.726383135334487662e+01
1.729432287428259087e+02 4.541034777086079544e+01
1.730787764440317744e+02 5.097079851831304609e+01
1.733118976572225733e+02 4.819057314458684260e+01
1.736966995289932072e+02 4.819057314458684260e+01
1.744530478678905183e+02 5.097079851831320951e+01
1.749613335230434927e+02 4.911731493582895780e+01
1.750112663730073166e+02 5.375102389203925668e+01
1.760831854158028023e+02 5.097079851831304609e+01
1.762393695231429831e+02 4.819057314458684260e+01
1.764109887797157512e+02 4.819057314458684260e+01
1.771514978951185810e+02 5.467776568328137188e+01
1.773782116475756823e+02 5.282428210079712727e+01
1.774670621579557519e+02 6.579866717818589450e+01
1.776303454063872778e+02 5.189754030955516839e+01
1.778560419985132057e+02 5.097079851831304609e+01
1.781093935927049188e+02 5.097079851831304609e+01
1.782500203205136131e+02 5.375102389203925668e+01
1.786518219878906280e+02 5.653124926576546017e+01
1.792970168509785083e+02 6.672540896942800259e+01
1.794278331118574101e+02 4.633708956210275431e+01
1.795491231045938036e+02 4.911731493582895780e+01
1.797324487868287690e+02 5.375102389203925668e+01
1.797647212374651815e+02 5.097079851831304609e+01
1.800450621097682813e+02 7.413934329936435574e+01
1.802103937880673641e+02 5.097079851831304609e+01
1.802341072452917956e+02 5.097079851831304609e+01
1.802404088535533333e+02 5.097079851831304609e+01
1.805317121365077355e+02 5.375102389203925668e+01
1.806035224702704909e+02 6.579866717818589450e+01
1.806865626493324157e+02 6.765215076067012490e+01
1.809979032279333921e+02 5.097079851831304609e+01
1.812399519566893673e+02 5.653124926576546017e+01
1.816601234436676862e+02 5.560450747452350129e+01
1.817114202827108898e+02 5.375102389203925668e+01
1.819206787520055286e+02 5.653124926576546017e+01
1.819387484738293779e+02 5.467776568328137188e+01
1.819405144835709223e+02 5.560450747452334497e+01
1.820965789316410905e+02 5.189754030955516839e+01
1.824004644166717810e+02 5.653124926576546017e+01
1.824048923142873662e+02 6.579866717818605082e+01
1.825240105697762658e+02 5.097079851831304609e+01
1.825240105697762942e+02 5.653124926576546017e+01
1.830336109207541426e+02 5.375102389203925668e+01
1.831302048881215967e+02 4.819057314458699892e+01
1.837275328949674815e+02 5.467776568328137188e+01
1.837275328949676521e+02 5.282428210079712727e+01
1.837669574113223803e+02 6.116495822197575194e+01
1.839075290738876447e+02 5.282428210079712727e+01
1.839165456695627370e+02 5.653124926576546017e+01
1.839694456876080721e+02 6.765215076067012490e+01
1.841255223816919511e+02 4.911731493582895780e+01
1.841255223816919511e+02 5.838473284824954845e+01
1.847254033078892803e+02 5.560450747452350129e+01
1.850986378654610576e+02 5.653124926576530385e+01
1.854867786975434854e+02 5.653124926576546017e+01
1.855655879738473573e+02 5.467776568328137188e+01
1.863747846179650196e+02 5.931147463949166365e+01
1.864185498805457826e+02 5.838473284824954845e+01
1.865040567501086457e+02 5.467776568328137188e+01
1.868699155126534492e+02 5.838473284824954845e+01
1.869524894810010380e+02 5.282428210079712727e+01
1.872362886834025346e+02 5.653124926576546017e+01
1.872606817250774611e+02 6.394518359570180621e+01
1.873430228072699890e+02 5.931147463949166365e+01
1.874514643459694980e+02 5.467776568328137188e+01
1.876035073658488841e+02 6.765215076067012490e+01
1.877527503586830164e+02 5.653124926576530385e+01
1.881962339219970204e+02 6.579866717818605082e+01
1.883924168732808084e+02 5.560450747452334497e+01
1.889000348878691966e+02 6.116495822197575194e+01
1.889692402753927354e+02 5.838473284824954845e+01
1.892659454015787333e+02 6.209170001321771792e+01
1.894154761771023914e+02 5.653124926576546017e+01
1.897470031661611642e+02 5.653124926576530385e+01
1.898023751245409301e+02 6.023821643073362964e+01
1.903664055504152657e+02 5.653124926576546017e+01
1.903747590188880565e+02 5.375102389203925668e+01
1.912795846748638269e+02 6.487192538694392852e+01
1.912895614706264098e+02 6.209170001321771792e+01
1.914671441924978694e+02 5.838473284824954845e+01
1.919353481276922651e+02 6.579866717818605082e+01
1.919477484712860189e+02 5.931147463949166365e+01
1.920820143715504287e+02 6.765215076067012490e+01
1.922486635855593704e+02 5.653124926576546017e+01
1.925825084623118642e+02 5.375102389203925668e+01
1.926113214262084057e+02 6.487192538694392852e+01
1.926457535077377372e+02 5.653124926576530385e+01
1.930776625298291833e+02 6.116495822197575194e+01
1.932380399927332348e+02 5.375102389203925668e+01
1.933564693414523106e+02 6.672540896942800259e+01
1.936552737898363716e+02 5.931147463949150733e+01
1.937533401968671853e+02 7.228585971688025325e+01
1.940918751564328488e+02 6.209170001321771792e+01
1.942639546383960294e+02 6.765215076067012490e+01
1.943140010429602853e+02 6.394518359570196253e+01
1.944303131432151872e+02 6.209170001321771792e+01
1.946540993836149198e+02 5.375102389203925668e+01
1.949337347312792588e+02 5.931147463949166365e+01
1.950771116513327854e+02 6.394518359570196253e+01
1.951237934793099953e+02 5.467776568328137188e+01
1.953577190210020262e+02 6.209170001321771792e+01
1.954892273615318459e+02 6.765215076067012490e+01
1.955267553121127264e+02 6.487192538694392852e+01
1.955676787048391816e+02 6.857889255191209088e+01
1.956407687542727558e+02 6.301844180445983312e+01
1.958415859968125687e+02 5.931147463949150733e+01
1.962415882136424159e+02 6.394518359570196253e+01
1.962785119614094356e+02 5.745799105700741904e+01
1.966199904964541645e+02 6.487192538694392852e+01
1.968576847655203323e+02 6.116495822197575194e+01
1.969600841532017625e+02 6.672540896942800259e+01
1.971803198458393069e+02 6.394518359570180621e+01
1.972435846246667666e+02 6.672540896942800259e+01
1.972435846246667666e+02 6.672540896942800259e+01
1.973102231976774306e+02 6.394518359570196253e+01
1.975828972561807859e+02 6.394518359570196253e+01
1.977860123579522735e+02 6.209170001321771792e+01
1.978291893510884165e+02 6.765215076067012490e+01
1.978997165586171718e+02 6.209170001321771792e+01
1.979355732410101609e+02 6.487192538694392852e+01
1.983206467773503050e+02 6.487192538694392852e+01
1.987056107719739941e+02 5.375102389203925668e+01
1.988239248586292263e+02 5.653124926576546017e+01
1.990610638425964396e+02 6.209170001321771792e+01
1.992005855485674033e+02 6.950563434315421318e+01
1.998133832526123115e+02 6.301844180445983312e+01
1.999747989271383517e+02 5.375102389203925668e+01
2.001847159910009282e+02 6.301844180445983312e+01
2.003274797198045860e+02 6.487192538694392852e+01
2.004629978078789065e+02 6.765215076067012490e+01
2.011381090744476410e+02 6.116495822197559562e+01
2.011393274315094288e+02 6.950563434315421318e+01
2.014753319573706563e+02 7.043237613439617917e+01
2.017540710760282536e+02 6.487192538694392852e+01
2.024938345619688960e+02 6.209170001321771792e+01
2.026245535884040976e+02 6.487192538694392852e+01
2.027428559408417925e+02 7.321260150812237555e+01
2.034345121946906545e+02 6.487192538694392852e+01
2.035763251425947828e+02 7.043237613439617917e+01
2.036235948876586406e+02 7.321260150812237555e+01
2.037291443384015679e+02 6.116495822197559562e+01
2.038279593731443526e+02 6.950563434315421318e+01
2.040939734802774126e+02 6.023821643073362964e+01
2.043050229082380724e+02 7.135911792563830147e+01
2.044627874643395273e+02 6.209170001321771792e+01
2.045608811670941236e+02 7.321260150812237555e+01
2.049561007920274278e+02 6.487192538694392852e+01
2.052667703348731720e+02 6.765215076067012490e+01
2.053211153964838900e+02 7.135911792563830147e+01
2.056001990448937420e+02 6.487192538694392852e+01
2.058169080090495697e+02 7.413934329936451206e+01
2.059668708856624164e+02 6.301844180445983312e+01
2.063474558423980056e+02 6.116495822197559562e+01
2.070002549410822041e+02 7.321260150812237555e+01
2.071611466697289643e+02 6.950563434315421318e+01
2.074675424098038832e+02 7.506608509060646384e+01
2.076786275434893696e+02 7.135911792563830147e+01
2.076896954827739705e+02 7.321260150812237555e+01
2.077034720179011629e+02 7.321260150812254608e+01
2.077108581556922502e+02 7.043237613439617917e+01
2.078983775364097824e+02 6.487192538694392852e+01
2.080450944823160455e+02 6.765215076067012490e+01
2.082809062929313484e+02 6.765215076067012490e+01
2.084070706420413899e+02 7.877305225557479673e+01
2.084271256525390470e+02 6.394518359570180621e+01
2.089920184154501612e+02 6.116495822197559562e+01
2.094458593647638907e+02 6.209170001321771792e+01
2.094997074063726927e+02 6.765215076067012490e+01
2.096976789179977061e+02 6.765215076067012490e+01
2.099591334022035483e+02 6.950563434315421318e+01
2.102361009656414979e+02 7.413934329936451206e+01
2.102638537146792999e+02 7.413934329936451206e+01
2.103969457322702681e+02 7.043237613439617917e+01
2.104117868903238389e+02 6.857889255191209088e+01
2.110679556530663490e+02 7.135911792563830147e+01
2.119191272376668280e+02 6.950563434315421318e+01
2.119613792988643581e+02 7.969979404681676272e+01
2.121171923724887165e+02 8.155327762930100732e+01
2.121899615401994481e+02 6.765215076067012490e+01
2.123937900555444003e+02 6.209170001321771792e+01
2.126367245725424766e+02 6.765215076067012490e+01
2.127141047948372261e+02 7.043237613439617917e+01
2.131148570974160634e+02 7.043237613439617917e+01
2.139646299420521416e+02 6.950563434315421318e+01
2.140754228658301486e+02 7.043237613439617917e+01
2.141054190768709873e+02 7.506608509060646384e+01
2.141344660953869550e+02 8.155327762930100732e+01
2.143560007690749387e+02 7.228585971688040956e+01
2.149844833441574963e+02 7.321260150812237555e+01
2.157090438979693374e+02 6.209170001321771792e+01
2.161290785549612394e+02 8.340676121178508140e+01
2.167551455349568243e+02 7.043237613439617917e+01
2.168049687200280289e+02 8.062653583805887081e+01
2.168261102235856583e+02 6.487192538694392852e+01
2.172776675616087800e+02 7.599282688184858614e+01
2.173694972377157342e+02 6.765215076067012490e+01
2.176942079026648855e+02 7.321260150812237555e+01
2.177172953481353943e+02 7.506608509060646384e+01
2.183175106450310068e+02 7.043237613439617917e+01
2.188234922327384595e+02 7.043237613439617917e+01
2.188270597416122314e+02 7.969979404681676272e+01
2.189122334923280846e+02 7.321260150812237555e+01
2.191863918498558803e+02 7.877305225557479673e+01
2.193316329517328995e+02 8.526024479426916969e+01
2.196841107095654593e+02 8.248001942054297331e+01
2.199286286578552279e+02 7.228585971688040956e+01
2.200088259077927830e+02 7.321260150812237555e+01
2.200476424599323764e+02 8.062653583805887081e+01
2.203335948868906939e+02 7.691956867309070844e+01
2.204266117757639165e+02 6.765215076067012490e+01
2.207758384001718923e+02 7.135911792563830147e+01
2.207777541816104474e+02 6.765215076067012490e+01
2.208493412961732361e+02 7.599282688184858614e+01
2.224044626217646226e+02 7.135911792563830147e+01
2.224185025643934353e+02 8.062653583805887081e+01
2.225515891273556122e+02 7.321260150812237555e+01
2.225962790689893609e+02 7.599282688184858614e+01
2.231399814775276411e+02 6.950563434315421318e+01
2.232543392213217146e+02 7.506608509060646384e+01
2.235309163105504524e+02 7.784631046433267443e+01
2.240208237979134935e+02 8.062653583805887081e+01
2.240390477000407543e+02 8.896721195923733205e+01
2.248659526003076508e+02 6.394518359570180621e+01
2.248680356544093399e+02 7.321260150812237555e+01
2.251388887775215437e+02 7.228585971688040956e+01
2.253325011630998347e+02 7.599282688184858614e+01
2.253325011630998347e+02 7.784631046433267443e+01
2.261491351695138690e+02 7.413934329936451206e+01
2.262084780792251877e+02 8.711372837675325798e+01
2.262473790349167757e+02 7.784631046433267443e+01
2.262515201376493224e+02 7.877305225557479673e+01
2.266917027498876962e+02 7.784631046433267443e+01
2.267609445322790407e+02 7.135911792563830147e+01
2.269691392542507344e+02 6.579866717818589450e+01
2.274636501133105071e+02 6.672540896942800259e+01
2.275566252107185221e+02 7.321260150812237555e+01
2.275733424792449853e+02 7.877305225557479673e+01
2.276917638250479570e+02 7.321260150812237555e+01
2.277658684594612737e+02 8.155327762930100732e+01
2.280782234804756570e+02 7.228585971688040956e+01
2.282404711308401488e+02 7.413934329936451206e+01
2.283130511264697020e+02 7.321260150812237555e+01
2.286308984024289259e+02 7.135911792563830147e+01
2.289937846895768985e+02 7.784631046433267443e+01
2.292344984094701772e+02 7.599282688184858614e+01
2.293148000739149950e+02 7.599282688184858614e+01
2.293241049696623008e+02 8.711372837675325798e+01
2.293775684858848933e+02 7.228585971688040956e+01
2.297455439809219797e+02 7.691956867309070844e+01
2.308343226326217064e+02 7.691956867309070844e+01
2.309510366521366507e+02 7.691956867309070844e+01
2.309835053717091000e+02 7.784631046433283075e+01
2.312782438765904658e+02 7.506608509060646384e+01
2.315673310852867530e+02 8.711372837675325798e+01
2.316702547886057175e+02 7.043237613439617917e+01
2.317383216516830089e+02 7.506608509060646384e+01
2.321915612072099862e+02 7.691956867309070844e+01
2.322034251066587274e+02 6.950563434315421318e+01
2.322578313649957806e+02 7.506608509060646384e+01
2.323509760000027882e+02 7.321260150812237555e+01
2.326370093286024883e+02 7.321260150812237555e+01
2.326801546277396255e+02 7.599282688184858614e+01
2.331200138934578092e+02 7.599282688184858614e+01
2.331759595432742174e+02 9.545440449793187554e+01
2.333389091363598595e+02 7.877305225557479673e+01
2.334098597193109867e+02 7.135911792563830147e+01
2.342379404669506187e+02 7.321260150812237555e+01
2.344134661814745186e+02 6.487192538694392852e+01
2.344672058422134455e+02 7.135911792563830147e+01
2.349841107497684050e+02 7.413934329936451206e+01
2.351230122054618619e+02 7.321260150812237555e+01
2.351512950205901973e+02 8.062653583805887081e+01
2.355614981757462090e+02 8.248001942054297331e+01
2.357761631175106629e+02 7.413934329936451206e+01
2.363191841901465864e+02 7.135911792563830147e+01
2.366836247853135262e+02 7.784631046433283075e+01
2.370175549940288136e+02 9.360092091544763093e+01
2.372392973266245235e+02 8.062653583805887081e+01
2.377200023262664388e+02 7.691956867309070844e+01
2.380216309675145965e+02 8.062653583805887081e+01
2.380908926485308257e+02 7.321260150812237555e+01
2.396702707870345535e+02 7.599282688184858614e+01
2.396873102104506756e+02 7.877305225557479673e+01
2.398005216207119474e+02 8.062653583805887081e+01
2.401226247604638218e+02 7.877305225557479673e+01
2.401296517427745698e+02 7.321260150812237555e+01
2.401398563800867691e+02 8.526024479426916969e+01
2.402774721621596257e+02 7.506608509060646384e+01
2.406237728638854492e+02 7.135911792563830147e+01
2.409429897609082332e+02 6.672540896942800259e+01
2.409449595861819660e+02 8.618698658551129199e+01
2.416500610546955272e+02 7.506608509060646384e+01
2.417959701970293906e+02 6.301844180445983312e+01
2.419627851002654211e+02 7.043237613439617917e+01
2.419876946761685872e+02 7.135911792563830147e+01
2.419977456965471561e+02 7.321260150812237555e+01
2.421132381385796180e+02 7.321260150812237555e+01
2.425014884663813177e+02 7.691956867309070844e+01
2.425965485948244407e+02 7.413934329936451206e+01
2.427743142291769232e+02 8.804047016799522396e+01
2.427898321094260439e+02 7.413934329936451206e+01
2.430077014141843676e+02 6.857889255191209088e+01
2.430504743960529765e+02 7.135911792563830147e+01
2.432574823406379778e+02 7.877305225557479673e+01
2.434145586021914767e+02 6.301844180445983312e+01
2.436325141053520440e+02 8.711372837675325798e+01
2.437408585235906457e+02 7.135911792563830147e+01
2.437531225205009946e+02 6.301844180445983312e+01
2.441209018177060841e+02 7.043237613439617917e+01
2.441349340926954596e+02 8.711372837675325798e+01
2.443824016271710491e+02 7.784631046433267443e+01
2.444933478635255995e+02 7.691956867309070844e+01
2.448154368323784524e+02 8.340676121178492508e+01
2.450635370279067331e+02 8.711372837675325798e+01
2.450897028911300595e+02 7.599282688184858614e+01
2.451158488070472572e+02 1.019415970366260922e+02
2.457387739303709395e+02 7.877305225557479673e+01
2.458284786305332830e+02 7.969979404681676272e+01
2.464066261634314685e+02 8.896721195923733205e+01
2.465234435106720809e+02 7.043237613439617917e+01
2.466007312479503923e+02 6.209170001321771792e+01
2.480652479463757061e+02 6.672540896942800259e+01
2.482408194467770954e+02 8.711372837675325798e+01
2.486080866227893296e+02 6.579866717818605082e+01
2.486245439168743587e+02 8.804047016799522396e+01
2.487130423686898268e+02 8.433350300302704738e+01
2.488860182661144620e+02 7.228585971688040956e+01
2.490394635759935227e+02 1.047218224103523028e+02
2.498313875915499409e+02 8.155327762930100732e+01
2.502260191477617752e+02 7.321260150812237555e+01
2.504858221796055489e+02 7.691956867309070844e+01
2.508932889492330105e+02 9.267417912420566495e+01
2.509816928624234151e+02 5.931147463949166365e+01
2.514725341960923117e+02 8.711372837675325798e+01
2.516536934876472458e+02 8.433350300302704738e+01
2.517070013664985595e+02 7.691956867309070844e+01
2.521280571013468830e+02 8.526024479426916969e+01
2.522393482493848751e+02 5.931147463949150733e+01
2.528155141483426576e+02 6.023821643073362964e+01
2.528453835197026365e+02 8.804047016799538028e+01
2.532377307395331343e+02 8.711372837675325798e+01
2.532685966475007433e+02 8.062653583805887081e+01
2.534952629193225562e+02 1.102822731578047097e+02
2.536919178529998362e+02 7.599282688184858614e+01
2.538795103304872498e+02 7.691956867309070844e+01
2.540869431389577073e+02 6.765215076067012490e+01
2.541287538646641906e+02 7.043237613439617917e+01
2.542259437587653395e+02 6.950563434315421318e+01
2.543671727381764072e+02 5.931147463949150733e+01
2.548986989480534362e+02 5.653124926576546017e+01
2.550167897517244171e+02 6.394518359570196253e+01
2.553196450466055296e+02 7.599282688184858614e+01
2.557813644097705037e+02 8.804047016799538028e+01
2.561260097857286269e+02 8.155327762930100732e+01
2.567197856455568399e+02 6.765215076067012490e+01
2.567541375693928103e+02 6.023821643073362964e+01
2.575575242026111482e+02 8.155327762930100732e+01
2.580568919865560247e+02 7.135911792563830147e+01
2.584070231438003020e+02 7.877305225557479673e+01
2.587317292880454147e+02 8.804047016799538028e+01
2.589836833301259844e+02 7.043237613439617917e+01
2.594671198052690784e+02 8.433350300302704738e+01
2.600932510945413583e+02 6.487192538694392852e+01
2.603222718568774781e+02 7.043237613439617917e+01
2.605725947708434660e+02 8.248001942054297331e+01
2.607458674746913516e+02 6.765215076067012490e+01
2.610744817965021980e+02 6.950563434315421318e+01
2.613763892622712888e+02 6.765215076067012490e+01
2.613832483003870948e+02 8.711372837675325798e+01
2.614290164172053323e+02 6.765215076067012490e+01
2.615101432620778610e+02 5.931147463949166365e+01
2.616959916590265607e+02 8.804047016799538028e+01
2.621134207848948563e+02 8.155327762930100732e+01
2.624107463361286250e+02 7.691956867309070844e+01
2.626910972227752268e+02 4.263012239713458484e+01
2.628463866864108240e+02 7.043237613439617917e+01
2.646802559521930220e+02 4.263012239713458484e+01
2.647197910847674507e+02 7.135911792563830147e+01
2.651735396749076585e+02 6.950563434315421318e+01
2.652873935070089715e+02 7.691956867309070844e+01
2.653300238134750089e+02 5.745799105700741904e+01
2.654333498048756610e+02 8.711372837675325798e+01
2.657167012878353489e+02 8.989395375047946857e+01
2.657272468426779710e+02 6.765215076067012490e+01
2.662758303073645720e+02 5.004405672707108010e+01
2.669826697761471905e+02 5.560450747452334497e+01
2.671640903890572645e+02 5.931147463949166365e+01
2.673816546111528396e+02 7.413934329936435574e+01
2.675473769303013682e+02 5.004405672707108010e+01
2.683244809965384547e+02 6.487192538694392852e+01
2.686668528655598038e+02 8.340676121178492508e+01
2.689773513140930277e+02 7.321260150812237555e+01
2.691548223067171079e+02 6.857889255191209088e+01
2.698563141207152398e+02 5.745799105700741904e+01
2.699161536935110917e+02 4.819057314458684260e+01
2.703685889893795888e+02 7.321260150812237555e+01
2.704752378917824558e+02 7.969979404681676272e+01
2.705573979773939755e+02 8.526024479426916969e+01
2.709459387503826520e+02 6.394518359570196253e+01
2.715003704846783421e+02 7.043237613439617917e+01
2.723169362076265543e+02 7.969979404681676272e+01
2.726844626219649967e+02 6.301844180445983312e+01
2.727449312632543297e+02 5.745799105700741904e+01
2.730102513777148374e+02 6.023821643073362964e+01
2.732128439778693973e+02 6.857889255191209088e+01
2.733371690683002271e+02 7.135911792563830147e+01
2.738682977820368478e+02 6.301844180445983312e+01
2.738819597944505517e+02 8.062653583805887081e+01
2.739932118112855619e+02 6.950563434315421318e+01
2.751742512058856960e+02 5.931147463949166365e+01
2.755911701762615280e+02 6.487192538694392852e+01
2.758805007869315205e+02 6.023821643073362964e+01
2.767545525851390380e+02 7.599282688184858614e+01
2.770933250311792335e+02 7.969979404681676272e+01
2.772076725280859932e+02 6.487192538694392852e+01
2.775323209070097619e+02 7.413934329936451206e+01
2.775323209070097619e+02 7.413934329936451206e+01
2.776657166554329592e+02 6.487192538694392852e+01
2.777939794808950751e+02 7.877305225557479673e+01
2.778084416560856198e+02 3.614292985844020478e+01
2.785652183863532514e+02 7.784631046433267443e+01
2.798683645362964398e+02 3.706967164968233419e+01
2.813409409892412896e+02 6.116495822197575194e+01
2.816916956415421396e+02 8.804047016799538028e+01
2.820366060930969070e+02 7.877305225557464041e+01
2.820651884393980140e+02 6.394518359570196253e+01
2.824119550681858755e+02 7.599282688184858614e+01
2.827148108204831942e+02 6.857889255191209088e+01
2.829199487202659498e+02 8.433350300302704738e+01
2.830971426889710187e+02 7.043237613439617917e+01
2.833340598468323606e+02 6.394518359570180621e+01
2.835475916388995188e+02 8.804047016799538028e+01
2.839988329935641218e+02 8.618698658551129199e+01
2.843039178946372658e+02 7.321260150812237555e+01
2.843341225127363145e+02 8.433350300302704738e+01
2.849024110226914672e+02 8.989395375047946857e+01
2.852603124213100045e+02 6.765215076067012490e+01
2.854232329800568095e+02 5.745799105700741904e+01
2.854346597804709518e+02 8.618698658551113567e+01
2.854416632964454834e+02 8.804047016799538028e+01
2.856140777784701754e+02 8.433350300302704738e+01
2.858225555340958408e+02 7.691956867309070844e+01
2.865925795288018207e+02 6.672540896942800259e+01
2.870246393063278560e+02 8.248001942054297331e+01
2.872717563200607742e+02 7.969979404681676272e+01
2.876843352447325515e+02 6.116495822197559562e+01
2.877455141523800535e+02 8.804047016799538028e+01
2.880870768455017128e+02 8.618698658551129199e+01
2.884111135319476489e+02 7.784631046433283075e+01
2.884525646556520542e+02 4.448360597961866603e+01
2.884544712031324138e+02 9.267417912420550863e+01
2.886999465537684841e+02 8.989395375047946857e+01
2.893408468805668008e+02 8.711372837675325798e+01
2.894681700970563725e+02 8.155327762930100732e+01
2.897009457741119718e+02 6.394518359570196253e+01
2.906095240073585160e+02 9.452766270668975324e+01
2.907148562105102201e+02 6.209170001321771792e+01
2.915134208063942651e+02 8.711372837675325798e+01
2.939540122316941506e+02 6.765215076067012490e+01
2.941380305915823783e+02 8.711372837675325798e+01
2.941574303585091457e+02 7.969979404681676272e+01
2.948002576605181844e+02 9.174743733296354264e+01
2.948730049909547688e+02 8.433350300302704738e+01
2.955208096654994279e+02 8.526024479426916969e+01
2.960810793540656505e+02 5.189754030955516839e+01
2.963183319826458728e+02 5.375102389203925668e+01
2.966823940004633187e+02 6.857889255191224720e+01
2.969307238706913381e+02 8.896721195923733205e+01
2.971976808151861746e+02 9.174743733296354264e+01
2.979175177862979922e+02 5.375102389203925668e+01
2.979667411663853613e+02 3.614292985844020478e+01
2.982269542784774217e+02 8.155327762930100732e+01
2.988252183882000850e+02 8.248001942054297331e+01
2.991448526829173034e+02 8.618698658551129199e+01
2.999508868738532215e+02 7.969979404681676272e+01
3.002512576944159832e+02 7.043237613439617917e+01
3.002646706444747906e+02 8.989395375047946857e+01
3.004827202764972185e+02 7.877305225557479673e+01
3.005241358963312450e+02 7.691956867309070844e+01
3.007923995009760461e+02 8.526024479426916969e+01
3.008904970683341276e+02 8.155327762930100732e+01
3.011365768180667146e+02 8.155327762930083679e+01
3.017544491732728034e+02 9.082069554172143455e+01
3.020068093219491629e+02 8.155327762930100732e+01
3.020756443154906492e+02 7.877305225557479673e+01
3.024308893831177443e+02 8.526024479426916969e+01
3.028286485838224849e+02 8.155327762930100732e+01
3.030821343000511661e+02 7.969979404681676272e+01
3.032834570349278920e+02 8.248001942054297331e+01
3.042462833060887419e+02 7.321260150812237555e+01
3.044316127697335332e+02 8.433350300302704738e+01
3.048614060395306637e+02 7.877305225557479673e+01
3.049302284361492639e+02 8.526024479426916969e+01
3.058981993453413111e+02 8.155327762930100732e+01
3.062901436851924473e+02 7.877305225557479673e+01
3.071047199070943066e+02 8.155327762930100732e+01
3.076055521202820842e+02 7.691956867309070844e+01
3.079297951924550603e+02 7.321260150812254608e+01
3.081509051486751787e+02 8.248001942054297331e+01
3.090030518115229370e+02 8.062653583805887081e+01
3.093099844358910673e+02 1.010148552453841262e+02
3.093961085023076407e+02 7.877305225557479673e+01
3.096958854523523428e+02 9.174743733296354264e+01
3.098984477948176846e+02 7.599282688184858614e+01
3.098984477948176846e+02 8.711372837675325798e+01
3.108707036938122883e+02 7.784631046433267443e+01
3.109807138115328371e+02 7.321260150812254608e+01
3.109942921049758979e+02 8.433350300302704738e+01
3.110013041686631254e+02 9.916137166290005212e+01
3.111698770104212599e+02 9.545440449793187554e+01
3.115090813171361788e+02 8.433350300302704738e+01
3.121384504009978968e+02 7.321260150812237555e+01
3.123141826830058676e+02 7.877305225557479673e+01
3.124532067668014292e+02 9.174743733296354264e+01
3.140103734019842250e+02 7.877305225557479673e+01
3.142790680010436404e+02 8.526024479426916969e+01
3.156189869866549316e+02 9.267417912420550863e+01
3.161493862039359897e+02 9.545440449793171922e+01
3.171112492494356161e+02 7.877305225557479673e+01
3.174053615351294297e+02 8.433350300302704738e+01
3.175486591374890963e+02 9.267417912420550863e+01
3.176525203898280552e+02 7.228585971688040956e+01
3.190056914001812061e+02 9.545440449793171922e+01
3.190392519933949984e+02 8.711372837675325798e+01
3.199903238476041452e+02 8.526024479426916969e+01
3.201894398021767643e+02 9.823462987165791560e+01
3.205201100126957385e+02 8.433350300302704738e+01
3.205848628395561946e+02 8.711372837675325798e+01
3.206109313567977779e+02 7.413934329936451206e+01
3.206796777153443259e+02 9.360092091544763093e+01
3.207013126025437941e+02 8.989395375047946857e+01
3.208380252636072782e+02 8.896721195923733205e+01
3.211810703438895302e+02 8.062653583805887081e+01
3.212608516710898812e+02 8.618698658551129199e+01
3.222991146852808697e+02 8.618698658551113567e+01
3.223435837229392291e+02 8.896721195923733205e+01
3.223790734194381002e+02 9.545440449793187554e+01
3.225752023282640835e+02 7.043237613439617917e+01
3.228748920955864037e+02 7.599282688184858614e+01
3.235804348997273792e+02 7.413934329936451206e+01
3.239007168437194082e+02 7.969979404681676272e+01
3.239962761372612476e+02 6.765215076067012490e+01
3.243022615332287160e+02 9.545440449793187554e+01
3.244077618554875357e+02 8.155327762930100732e+01
3.244234989726916183e+02 8.896721195923733205e+01
3.245513073803110160e+02 9.174743733296354264e+01
3.245513073803111297e+02 8.804047016799522396e+01
3.248895578854655355e+02 8.896721195923733205e+01
3.254781356001165591e+02 7.969979404681676272e+01
3.256405050794891736e+02 7.043237613439617917e+01
3.262894345637428160e+02 9.174743733296354264e+01
3.263318780090949645e+02 9.545440449793187554e+01
3.263747486777288600e+02 7.877305225557479673e+01
3.269948032159053355e+02 9.174743733296354264e+01
3.271765025880009148e+02 8.433350300302704738e+01
3.273682299489568663e+02 8.896721195923733205e+01
3.283440616648791206e+02 1.037950806191103368e+02
3.283671153152105830e+02 1.037950806191103368e+02
3.288314764267467467e+02 9.267417912420566495e+01
3.289892847950553119e+02 9.267417912420566495e+01
3.291822290332422654e+02 9.452766270668975324e+01
3.295911590487896774e+02 8.989395375047946857e+01
3.296666616784412440e+02 7.228585971688040956e+01
3.297053081487595705e+02 8.618698658551129199e+01
3.299623447836703463e+02 8.896721195923733205e+01
3.304735130205295945e+02 1.028683388278682145e+02
3.312564619423910699e+02 8.340676121178492508e+01
3.321997638779233171e+02 8.711372837675325798e+01
3.329839621492797619e+02 9.452766270668975324e+01
3.330473870052803704e+02 8.896721195923733205e+01
3.335285242685112053e+02 1.010148552453841262e+02
3.335611022092803637e+02 9.823462987165791560e+01
3.342055941761605027e+02 9.730788808041594962e+01
3.348192443261497147e+02 8.618698658551129199e+01
3.349293690188613368e+02 8.155327762930083679e+01
3.354530550932672099e+02 9.730788808041579330e+01
3.355825478900677581e+02 9.452766270668975324e+01
3.360525862553146794e+02 9.452766270668975324e+01
3.361640539650106234e+02 8.896721195923733205e+01
3.364323250353768344e+02 8.711372837675325798e+01
3.366442963747786621e+02 8.526024479426916969e+01
3.376185341604547148e+02 9.267417912420550863e+01
3.380908128689748651e+02 9.638114628917384152e+01
3.381152290357316588e+02 9.545440449793171922e+01
3.385840882357269379e+02 6.672540896942800259e+01
3.386103084379477650e+02 8.155327762930100732e+01
3.386682323152664367e+02 9.082069554172159087e+01
3.388482932381790533e+02 9.823462987165791560e+01
3.401832848798153464e+02 9.638114628917384152e+01
3.407358118757401257e+02 9.823462987165791560e+01
3.412999932305437483e+02 9.082069554172159087e+01
3.416141259441765783e+02 6.672540896942800259e+01
3.423846186305505057e+02 9.267417912420550863e+01
3.424266941301838756e+02 9.082069554172159087e+01
3.424695766897045814e+02 1.065753059928363768e+02
3.426203421419666597e+02 1.056485642015942545e+02
3.428058763809476091e+02 1.000881134541420039e+02
3.428841334295854608e+02 9.823462987165791560e+01
3.432539070766586633e+02 1.047218224103523028e+02
3.433117723560120567e+02 8.155327762930100732e+01
3.433607339715645708e+02 8.989395375047946857e+01
3.433960302793772144e+02 1.010148552453839699e+02
3.434066819739913399e+02 9.730788808041579330e+01
3.439474990863452035e+02 8.896721195923733205e+01
3.440700837068978899e+02 1.232566582351934557e+02
3.442845997637915616e+02 9.730788808041579330e+01
3.446428362768621696e+02 1.010148552453841262e+02
3.457178901171627103e+02 9.823462987165791560e+01
3.460002118632370980e+02 8.433350300302704738e+01
3.461383316460778019e+02 1.010148552453841262e+02
3.463472442588492299e+02 1.065753059928363768e+02
3.465014059270931170e+02 9.730788808041579330e+01
3.466103890902492140e+02 8.526024479426916969e+01
3.467056379652640885e+02 9.174743733296354264e+01
3.467390146652774092e+02 9.638114628917384152e+01
3.479418685026012668e+02 9.823462987165791560e+01
3.483395199176279675e+02 8.433350300302704738e+01
3.488552568475832345e+02 1.010148552453841262e+02
3.492883113873077150e+02 8.340676121178508140e+01
3.493027203462087300e+02 8.526024479426916969e+01
3.493985767644275597e+02 8.711372837675325798e+01
3.494336163184588600e+02 9.452766270668975324e+01
3.495194084265535253e+02 9.823462987165791560e+01
3.495439298837296747e+02 8.804047016799538028e+01
3.498054780682032856e+02 9.823462987165791560e+01
3.500224147178564635e+02 8.618698658551113567e+01
3.500643385164805750e+02 9.823462987165791560e+01
3.500927856198193240e+02 7.969979404681676272e+01
3.501005845532457670e+02 8.062653583805887081e+01
3.501869659425671557e+02 9.823462987165791560e+01
3.511078702458827365e+02 8.062653583805887081e+01
3.515220200487226521e+02 9.267417912420550863e+01
3.515862892301358329e+02 7.877305225557479673e+01
3.515862892301358329e+02 1.010148552453841262e+02
3.519194057323900324e+02 8.989395375047946857e+01
3.522026799170178606e+02 9.916137166290005212e+01
3.523206607779414412e+02 9.638114628917384152e+01
3.523647036529349634e+02 1.149159821140150086e+02
3.527143650696202144e+02 9.916137166290005212e+01
3.527597606706714828e+02 9.360092091544763093e+01
3.530536935686663469e+02 8.711372837675325798e+01
3.531640054377938895e+02 8.804047016799522396e+01
3.539708903666088986e+02 9.545440449793171922e+01
3.540479112725485606e+02 9.823462987165791560e+01
3.543187180151516600e+02 1.186229492789831710e+02
3.544624277908832823e+02 9.452766270668975324e+01
3.554584038098294627e+02 9.452766270668975324e+01
3.566837835518549582e+02 8.896721195923733205e+01
3.567479147160987623e+02 9.823462987165791560e+01
3.574662996632952172e+02 8.618698658551113567e+01
3.589573152051922875e+02 9.174743733296354264e+01
3.590973707147656455e+02 8.711372837675325798e+01
3.602690879540366495e+02 8.618698658551113567e+01
3.604207875761346145e+02 8.804047016799538028e+01
3.609452765951326683e+02 8.711372837675325798e+01
3.614954139450580328e+02 8.896721195923733205e+01
3.617805702548740783e+02 8.433350300302704738e+01
3.617892310027822305e+02 9.267417912420550863e+01
3.620894861861754066e+02 8.711372837675325798e+01
3.620895524165085249e+02 9.174743733296354264e+01
3.622498071080229920e+02 7.506608509060646384e+01
3.639833986062830604e+02 1.102822731578047097e+02
3.640711434347534237e+02 9.360092091544763093e+01
3.640808130405828251e+02 8.896721195923733205e+01
3.645422085364331224e+02 9.174743733296354264e+01
3.648499590574468812e+02 8.896721195923733205e+01
3.653799005914672193e+02 8.989395375047946857e+01
3.668828050495747561e+02 1.084287895753204793e+02
3.672912243153790541e+02 9.730788808041579330e+01
3.673605833794778164e+02 1.121357567402887980e+02
3.676635946927652299e+02 8.526024479426916969e+01
3.677199161168340424e+02 8.989395375047946857e+01
3.683179800652627023e+02 1.149159821140148381e+02
3.689095935860621580e+02 1.093555313665625874e+02
3.689901213617755502e+02 5.931147463949166365e+01
3.693525687129239827e+02 9.082069554172159087e+01
3.709735573950870275e+02 8.433350300302704738e+01
3.710721508769814818e+02 8.433350300302704738e+01
3.712996029579060178e+02 1.139892403227728863e+02
3.717339786265129646e+02 9.082069554172159087e+01
3.717837174365189412e+02 8.711372837675325798e+01
3.721514481566483710e+02 8.989395375047946857e+01
3.721759419062452707e+02 6.857889255191209088e+01
3.722260932211667068e+02 1.102822731578047097e+02
3.732534406312619240e+02 6.765215076067012490e+01
3.734309949794253498e+02 8.155327762930083679e+01
3.736361457482870492e+02 8.711372837675325798e+01
3.739049789620020192e+02 1.010148552453841262e+02
3.742930310730275210e+02 1.149159821140148381e+02
3.743070008730784366e+02 8.711372837675325798e+01
3.744627640646813802e+02 1.102822731578047097e+02
3.746276366760778842e+02 8.711372837675325798e+01
3.748498756315070750e+02 8.989395375047946857e+01
3.749185575761185305e+02 1.139892403227728863e+02
3.749912285863441070e+02 8.896721195923733205e+01
3.752532629806264595e+02 7.969979404681676272e+01
3.753097217987725003e+02 6.301844180445983312e+01
3.761944385615283295e+02 1.028683388278682145e+02
3.766923163281880420e+02 8.804047016799522396e+01
3.767611171234548237e+02 7.228585971688040956e+01
3.768521338475226798e+02 7.043237613439617917e+01
3.768617507435378116e+02 8.062653583805887081e+01
3.772607095801420769e+02 1.037950806191103368e+02
3.776245067579463353e+02 1.028683388278682145e+02
3.776466177942687068e+02 8.433350300302704738e+01
3.782127156870188855e+02 9.360092091544763093e+01
3.782775578886987660e+02 9.545440449793171922e+01
3.784819063302574591e+02 9.823462987165791560e+01
3.787054175370936946e+02 7.043237613439617917e+01
3.789905280605359508e+02 6.765215076067012490e+01
3.792890536990257715e+02 6.857889255191224720e+01
3.796047502490817465e+02 1.121357567402887980e+02
3.799904864017998420e+02 7.043237613439617917e+01
3.800149367854609750e+02 1.037950806191103368e+02
3.803208696714775101e+02 1.139892403227728863e+02
3.804303760199467206e+02 8.155327762930083679e+01
3.807108989953537161e+02 1.019415970366260922e+02
3.807336501167284268e+02 6.209170001321771792e+01
3.810821580830273092e+02 7.691956867309070844e+01
3.811271994891753820e+02 8.340676121178492508e+01
3.813020774586445896e+02 5.653124926576530385e+01
3.815309652045828557e+02 6.579866717818605082e+01
3.822479697082465577e+02 9.082069554172143455e+01
3.824711850514421485e+02 1.121357567402887980e+02
3.826113748821001082e+02 1.010148552453841262e+02
3.827815882669432881e+02 1.037950806191103368e+02
3.829220990159867597e+02 5.931147463949166365e+01
3.830017977793124260e+02 8.248001942054297331e+01
3.832437015973819143e+02 5.745799105700741904e+01
3.833603513464590264e+02 3.984989702340838136e+01
3.833680746940727886e+02 6.765215076067012490e+01
3.838762908892965129e+02 1.028683388278682145e+02
3.838840087173988422e+02 1.037950806191103368e+02
3.843716515074351605e+02 9.638114628917384152e+01
3.845552187964285054e+02 8.062653583805887081e+01
3.849487490224583439e+02 6.487192538694392852e+01
3.850747858007242144e+02 6.765215076067012490e+01
3.851515719058956506e+02 5.931147463949166365e+01
3.852915070154753607e+02 9.916137166290005212e+01
3.854559387456714035e+02 8.989395375047946857e+01
3.855322560279802815e+02 5.931147463949166365e+01
3.862044642090826869e+02 8.062653583805887081e+01
3.863931968425219452e+02 1.037950806191103368e+02
3.865579311257114341e+02 6.765215076067012490e+01
3.867573958094737350e+02 1.010148552453841262e+02
3.871439232902257572e+02 1.037950806191103368e+02
3.871859953810113097e+02 6.394518359570196253e+01
3.878558786438661627e+02 1.047218224103523028e+02
3.878785157693584438e+02 8.062653583805887081e+01
3.883856400166027356e+02 8.711372837675325798e+01
3.884478874355346534e+02 1.028683388278682145e+02
3.887183873505516090e+02 8.155327762930100732e+01
3.887644987889686377e+02 5.560450747452350129e+01
3.889358923998630075e+02 8.618698658551113567e+01
3.894403834980357146e+02 9.452766270668975324e+01
3.898993081654422213e+02 1.084287895753204793e+02
3.899501786622216741e+02 7.413934329936451206e+01
3.904374456035383787e+02 1.065753059928363768e+02
3.910149202121353937e+02 6.487192538694392852e+01
3.913139125432855394e+02 8.711372837675325798e+01
3.913139125432855394e+02 1.093555313665625874e+02
3.917240840400533557e+02 6.765215076067012490e+01
3.919010713452972254e+02 6.672540896942800259e+01
3.919882679523932438e+02 4.263012239713458484e+01
3.920489750904440598e+02 8.618698658551113567e+01
3.925630664832709158e+02 8.711372837675325798e+01
3.929640947945865719e+02 1.019415970366260922e+02
3.930742321606734890e+02 6.023821643073362964e+01
3.935087049464469260e+02 5.653124926576546017e+01
3.935983238497170191e+02 8.433350300302704738e+01
3.937175776976258135e+02 9.730788808041594962e+01
3.941742802596123738e+02 5.375102389203925668e+01
3.942719915370120702e+02 8.433350300302704738e+01
3.945646998573096766e+02 4.170338060589246254e+01
3.950296157284897731e+02 9.638114628917384152e+01
3.960731789940846852e+02 6.023821643073362964e+01
3.963141539884567806e+02 9.823462987165791560e+01
3.964925251430835260e+02 5.653124926576546017e+01
3.966588685048624257e+02 7.228585971688040956e+01
3.972273337495739156e+02 8.433350300302704738e+01
3.974526424569480128e+02 8.433350300302704738e+01
3.984071749099300064e+02 1.130624985315309203e+02
3.986333117332730467e+02 6.857889255191224720e+01
3.990628854052719134e+02 7.413934329936451206e+01
4.002438415865123034e+02 1.019415970366260922e+02
4.004849436292374207e+02 3.892315523216625195e+01
4.009947166969911336e+02 6.672540896942800259e+01
4.021258108121616033e+02 4.726383135334487662e+01
4.028715984827361467e+02 1.056485642015944109e+02
4.032713085004421600e+02 9.082069554172159087e+01
4.032944894115686338e+02 5.375102389203925668e+01
4.040088725293010725e+02 4.726383135334487662e+01
4.052927903813828721e+02 4.911731493582895780e+01
4.059596079603123826e+02 1.065753059928363768e+02
4.085314471829751710e+02 9.823462987165791560e+01
4.090352437601549696e+02 2.316854478105145532e+01
4.098147694903623801e+02 6.394518359570196253e+01
4.104928455940492995e+02 2.872899552850370952e+01
4.117547862699769894e+02 4.170338060589246254e+01
4.120377817713359150e+02 3.521618806719808958e+01
4.120981849672189696e+02 2.872899552850370952e+01
4.122659913831869289e+02 2.316854478105145532e+01
4.126614774408732274e+02 3.428944627595596728e+01
4.127755046962969914e+02 9.730788808041579330e+01
4.130394197963088345e+02 6.394518359570196253e+01
4.130401547570373850e+02 4.541034777086079544e+01
4.146552660210952013e+02 4.819057314458684260e+01
4.157643028609344356e+02 4.170338060589261886e+01
4.158831544765752142e+02 4.541034777086079544e+01
4.158840436915000396e+02 6.487192538694392852e+01
4.159167140811982222e+02 4.077663881465050366e+01
4.166397115271295775e+02 4.448360597961866603e+01
4.187411259053830008e+02 8.433350300302704738e+01
4.190981374850904899e+02 4.541034777086079544e+01
4.191208903268204722e+02 6.487192538694392852e+01
4.192672129243372865e+02 3.984989702340838136e+01
4.198721350269226491e+02 4.077663881465050366e+01
4.212953035539810003e+02 4.448360597961866603e+01
4.221158925996545008e+02 2.780225373726175064e+01
4.231944950450593979e+02 5.097079851831304609e+01
4.238890069017287487e+02 7.784631046433267443e+01
4.241371690751126380e+02 7.599282688184858614e+01
4.246403807063865088e+02 2.780225373726175064e+01
4.250200101074735244e+02 3.892315523216641537e+01
4.251384815922573353e+02 6.116495822197559562e+01
4.261225914074194634e+02 7.413934329936451206e+01
4.263614881830990839e+02 7.599282688184858614e+01
4.267777181832197471e+02 8.433350300302704738e+01
4.270333405537534190e+02 3.892315523216641537e+01
4.270905164317710501e+02 8.340676121178508140e+01
4.271180692297747896e+02 2.780225373726175064e+01
4.277038680082778228e+02 4.355686418837655083e+01
4.278639654521893476e+02 5.931147463949150733e+01
4.281519896707066550e+02 8.433350300302704738e+01
4.286367369393810236e+02 7.321260150812237555e+01
4.287252264475418997e+02 8.433350300302704738e+01
4.295473450441992327e+02 1.204764328614671065e+01
4.296101955815723272e+02 2.780225373726175064e+01
4.301790006846978258e+02 7.599282688184858614e+01
4.309322678164184595e+02 5.375102389203925668e+01
4.311861815198195700e+02 1.482786865987291591e+01
4.328495603192377530e+02 1.575461045111495828e+01
4.339497936667859221e+02 8.433350300302704738e+01
4.343539325217485043e+02 7.043237613439617917e+01
4.344308834298204829e+02 5.282428210079712727e+01
4.353797199183820226e+02 5.004405672707108010e+01
4.355061326562778277e+02 5.653124926576530385e+01
4.362848197080308523e+02 6.950563434315421318e+01
4.367342492867475698e+02 8.340676121178508140e+01
4.369291344709906753e+02 6.857889255191209088e+01
4.387618145003563086e+02 5.097079851831320951e+01
4.402118876588501166e+02 6.765215076067012490e+01
4.409566015044437677e+02 5.189754030955516839e+01
4.413115337312792690e+02 2.965573731974583183e+01
4.433953802750606883e+02 7.321260150812254608e+01
4.435340880423623844e+02 4.541034777086079544e+01
4.453493373801979942e+02 7.599282688184858614e+01
4.455736751864073995e+02 5.004405672707108010e+01
4.457201475480944737e+02 7.413934329936451206e+01
4.467309011288673446e+02 4.541034777086079544e+01
4.470311537289014154e+02 7.135911792563830147e+01
4.479997692674273253e+02 6.487192538694392852e+01
4.484805684320194814e+02 5.745799105700741904e+01
4.486420312303469586e+02 6.765215076067012490e+01
4.489948456967580910e+02 5.375102389203925668e+01
4.516397793207200948e+02 4.633708956210291063e+01
4.517671174044943427e+02 5.097079851831304609e+01
4.526238210658976868e+02 4.448360597961866603e+01
4.526862992348011971e+02 2.038831940732525183e+01
4.537201378621326171e+02 5.097079851831304609e+01
4.548594874573291236e+02 4.170338060589246254e+01
4.548677463675773538e+02 4.448360597961866603e+01
4.552875155085430379e+02 4.633708956210275431e+01
4.558510075559281631e+02 5.931147463949166365e+01
4.559436779786832972e+02 1.760809403359904479e+01
4.563770242264768058e+02 4.541034777086079544e+01
4.574860210999383412e+02 5.931147463949166365e+01
4.576584040435702150e+02 3.706967164968233419e+01
4.579103919260862199e+02 4.819057314458684260e+01
4.599404755606816479e+02 6.765215076067012490e+01
4.600138504533377954e+02 6.765215076067012490e+01
4.602351554442993233e+02 4.170338060589261886e+01
4.608132465204750474e+02 6.023821643073362964e+01
4.608837081331599279e+02 4.911731493582895780e+01
4.616679448119887752e+02 6.765215076067012490e+01
4.616818213924346423e+02 7.135911792563830147e+01
4.626088009421384868e+02 7.228585971688040956e+01
4.637261074505257170e+02 4.819057314458684260e+01
4.642522055718104070e+02 5.745799105700741904e+01
4.660201245802361427e+02 5.653124926576530385e+01
4.660398806583107216e+02 2.038831940732509196e+01
4.668494432507531542e+02 5.931147463949166365e+01
4.687621107375894667e+02 5.931147463949166365e+01
4.698737063395349196e+02 6.209170001321771792e+01
4.718874821057341933e+02 1.204764328614671065e+01
