# data from file /Users/tpaneque/Documents/MAPS/mwc480/MWC_480_C18O_220GHz.robust_0.5.JvMcorr.image.fits
# parameters used:
# PA: 148.0
# inc: 37.0
# dist: 162.0 
# vsys: 5.1
# r[au] h[au]
2.168541741099545206e+01 3.597190109992477236e+00
2.575143317555716038e+01 8.992975274980889111e+00
2.668497005884232820e+01 5.395785164988563309e+00
2.710677176374443320e+01 7.194380219984649827e+00
2.930770506845743739e+01 5.395785164988563309e+00
2.930943605959789267e+01 1.798595054996238618e+00
3.062730118281260516e+01 3.597190109992477236e+00
3.062730118281260516e+01 3.597190109992477236e+00
3.194830196944801060e+01 1.798595054996238618e+00
3.194830196944803546e+01 1.798595054996238618e+00
3.252812611649329710e+01 7.194380219984649827e+00
3.293760050582144316e+01 3.597190109992477236e+00
3.293760050582154264e+01 -0.000000000000000000e+00
3.388346470468045624e+01 5.395785164988563309e+00
3.416940075666255439e+01 1.798595054996238618e+00
3.536458077937097499e+01 1.798595054996238618e+00
3.536458077937097499e+01 1.798595054996238618e+00
3.659414188105488819e+01 1.798595054996238618e+00
3.665916592310612998e+01 5.395785164988563309e+00
3.665916592310612998e+01 5.395785164988563309e+00
3.758064036575261468e+01 1.798595054996238618e+00
3.758064036575261468e+01 1.798595054996238618e+00
3.758064036575261468e+01 1.798595054996238618e+00
3.794948046924204021e+01 3.597190109992477236e+00
3.917826547711467100e+01 1.798595054996238618e+00
3.991632233590071621e+01 1.798595054996238618e+00
3.991632233590071621e+01 1.798595054996238618e+00
3.991632233590078016e+01 1.798595054996238618e+00
3.992267673369839542e+01 1.798595054996238618e+00
4.125772335227087950e+01 7.194380219984649827e+00
4.125772335227088661e+01 7.194380219984649827e+00
4.125772335227088661e+01 7.194380219984649827e+00
4.172138620565907274e+01 1.259016538497321136e+01
4.189228742170701025e+01 1.798595054996238618e+00
4.218640856989249244e+01 1.798595054996238618e+00
4.218640856989249244e+01 1.798595054996238618e+00
4.259405169996042417e+01 8.992975274980889111e+00
4.259405169996043838e+01 8.992975274980889111e+00
4.336732544094120811e+01 3.597190109992477236e+00
4.394667499972348423e+01 5.395785164988563309e+00
4.428438990837829436e+01 8.992975274980889111e+00
4.455817151940126308e+01 1.798595054996238618e+00
4.509849927479464782e+01 1.798595054996238618e+00
4.596589140275331431e+01 3.597190109992477236e+00
4.596589140275331431e+01 3.597190109992477236e+00
4.606899481374399130e+01 1.798595054996238618e+00
4.660962416177172685e+01 3.597190109992477236e+00
4.715277437249459780e+01 3.597190109992477236e+00
4.815922563580107152e+01 -0.000000000000000000e+00
4.818289282693135078e+01 7.194380219984649827e+00
4.825028356678594577e+01 1.798595054996238618e+00
4.825028356678594577e+01 1.798595054996238618e+00
4.870186948718136932e+01 5.395785164988563309e+00
5.014752776292704084e+01 1.618735549496553716e+01
5.063662307135628282e+01 3.597190109992477236e+00
5.071823259682876994e+01 1.798595054996238618e+00
5.149104439955632984e+01 3.597190109992477236e+00
5.228757093560002289e+01 1.798595054996238618e+00
5.467252358292874703e+01 5.395785164988563309e+00
5.507699934372711681e+01 1.798595054996238618e+00
5.569002255405602142e+01 1.798595054996238618e+00
5.658984414138172525e+01 3.597190109992477236e+00
5.664544316664530754e+01 1.798595054996238618e+00
5.678215828119297726e+01 1.798595054996238618e+00
5.785575735576038170e+01 -0.000000000000000000e+00
5.805477747907602293e+01 1.798595054996238618e+00
5.955420796428609265e+01 5.395785164988563309e+00
5.980978927017880409e+01 1.798595054996238618e+00
6.134067149924121054e+01 1.798595054996238618e+00
6.134067149924121054e+01 1.798595054996238618e+00
6.139022936038364264e+01 2.338173571495018521e+01
6.279716002334317437e+01 1.798595054996238618e+00
6.279716002334325253e+01 1.798595054996238618e+00
6.334431454859551991e+01 1.798595054996238618e+00
6.334431454859551991e+01 1.798595054996238618e+00
6.406736247760548508e+01 1.798595054996238618e+00
6.406736247760555614e+01 1.798595054996238618e+00
6.632529754005963696e+01 1.798595054996238618e+00
6.710461986787773014e+01 1.798595054996238618e+00
6.724671184463683460e+01 -0.000000000000000000e+00
6.797271469074003392e+01 5.395785164988410543e+00
6.839410101528667951e+01 1.798595054996238618e+00
6.839410101528675057e+01 1.798595054996238618e+00
6.856643270484042318e+01 -0.000000000000000000e+00
6.856643270484042318e+01 3.597190109992324913e+00
6.967163621900017745e+01 3.597190109992477236e+00
7.026236058104665005e+01 1.798595054996238618e+00
7.185331095946926894e+01 3.597190109992477236e+00
7.205972755475353608e+01 1.798595054996238618e+00
7.205972755475359293e+01 1.798595054996238618e+00
7.318828376210977638e+01 1.798595054996177822e+01
7.331833184621238786e+01 7.194380219984649827e+00
7.336987832975393076e+01 1.798595054996238618e+00
7.336987832975400181e+01 1.798595054996238618e+00
7.422887196551869238e+01 1.798595054996238618e+00
7.422887196551869238e+01 1.798595054996238618e+00
7.506185653547433390e+01 5.395785164988563309e+00
7.516128073150522937e+01 3.597190109992477236e+00
7.553292904619824810e+01 1.798595054996238618e+00
7.583082548140760082e+01 -0.000000000000000000e+00
7.605400650793534112e+01 -0.000000000000000000e+00
7.613860208894199388e+01 7.194380219984649827e+00
7.822035189344575201e+01 1.798595054996238618e+00
7.822035189344580886e+01 1.798595054996238618e+00
7.851134988739636356e+01 1.798595054996238618e+00
7.883724643661156506e+01 1.798595054996238618e+00
7.883724643661156506e+01 1.798595054996238618e+00
7.887195263297255110e+01 1.798595054996238618e+00
7.887195263297260794e+01 1.798595054996238618e+00
7.892038089742827367e+01 3.597190109992477236e+00
7.962394549532008625e+01 5.395785164988563309e+00
8.024961336822585167e+01 1.798595054996238618e+00
8.024961336822592273e+01 1.798595054996238618e+00
8.035185688608753196e+01 1.798595054996238618e+00
8.111909634109738931e+01 7.194380219984649827e+00
8.136361012494576528e+01 -0.000000000000000000e+00
8.136361012494576528e+01 -0.000000000000000000e+00
8.203255708628238096e+01 3.597190109992477236e+00
8.267565387942033794e+01 8.992975274980889111e+00
8.378457484341389261e+01 -0.000000000000000000e+00
8.378457484341396366e+01 -0.000000000000000000e+00
8.398188668827340564e+01 1.798595054996238618e+00
8.398188668827340564e+01 1.798595054996238618e+00
8.453038766138122639e+01 1.798595054996238618e+00
8.453038766138131166e+01 1.798595054996238618e+00
8.555114859056070031e+01 5.395785164988563309e+00
8.580951204771233165e+01 3.597190109992477236e+00
8.582370031590224357e+01 3.597190109992477236e+00
8.604218799927252803e+01 3.597190109992477236e+00
8.604218799927262751e+01 -0.000000000000000000e+00
8.694013180470739144e+01 1.798595054996238618e+00
8.702337943950361421e+01 1.079157032997712662e+01
8.704227541687716041e+01 7.194380219984649827e+00
8.792311520537226954e+01 1.798595054996238618e+00
8.851124192112212086e+01 3.597190109992324913e+00
8.856877981675670242e+01 7.194380219984649827e+00
8.894252180862005730e+01 1.798595054996238618e+00
8.924505084676023614e+01 3.597190109992477236e+00
8.934781644896736452e+01 1.798595054996238618e+00
8.957043614562948619e+01 1.798595054996238618e+00
8.957043614562948619e+01 1.798595054996238618e+00
9.003926119694931174e+01 7.194380219984649827e+00
9.040665950886595681e+01 1.798595054996238618e+00
9.040665950886595681e+01 1.798595054996238618e+00
9.105362609888413772e+01 7.194380219984649827e+00
9.114460113338414260e+01 3.597190109992477236e+00
9.227463596418522229e+01 1.798595054996238618e+00
9.272276493100387995e+01 5.395785164988563309e+00
9.430554874498926665e+01 7.194380219984649827e+00
9.451005058823000127e+01 3.597190109992477236e+00
9.492949059657743760e+01 7.194380219984649827e+00
9.512844031181894877e+01 1.798595054996238618e+00
9.572604761883377478e+01 7.194380219984649827e+00
9.604949381866860847e+01 7.194380219984649827e+00
9.646569877428703421e+01 5.395785164988563309e+00
9.646569877428710527e+01 5.395785164988563309e+00
9.653815992267891488e+01 5.395785164988410543e+00
9.710647399996342699e+01 7.194380219984649827e+00
9.754253296336177925e+01 7.194380219984649827e+00
9.804031670392470232e+01 1.259016538497321136e+01
9.861900883540492657e+01 7.194380219984649827e+00
9.891531851751622639e+01 1.079157032997697385e+01
9.984061296357160131e+01 8.992975274980889111e+00
1.000414070338753305e+02 1.618735549496553716e+01
1.007953241242817199e+02 1.259016538497321136e+01
1.014364651936575399e+02 7.194380219984649827e+00
1.016543589098869518e+02 5.395785164988563309e+00
1.019621411478327815e+02 1.079157032997712662e+01
1.022032122759240593e+02 5.395785164988410543e+00
1.025449462994370293e+02 7.194380219984649827e+00
1.037461641042413873e+02 1.438876043996929965e+01
1.037948190978483183e+02 1.259016538497321136e+01
1.043741687967424241e+02 1.259016538497321136e+01
1.049421292849481802e+02 8.992975274980889111e+00
1.052359579666641736e+02 3.597190109992477236e+00
1.055665602661387936e+02 1.259016538497321136e+01
1.060937423381129179e+02 1.798595054996238618e+00
1.071237010964281353e+02 7.194380219984649827e+00
1.071875640396860661e+02 1.079157032997712662e+01
1.072759307751653211e+02 7.194380219984649827e+00
1.072992981437307378e+02 7.194380219984649827e+00
1.078281375373514379e+02 7.194380219984649827e+00
1.080244394138229609e+02 5.395785164988410543e+00
1.087514482725027563e+02 1.798595054996238618e+00
1.087840240139888124e+02 1.079157032997697385e+01
1.096178936045372865e+02 3.597190109992477236e+00
1.099774977693183757e+02 1.259016538497321136e+01
1.100117470751652888e+02 3.597190109992477236e+00
1.103978355474679631e+02 8.992975274980889111e+00
1.114416838406445152e+02 3.597190109992477236e+00
1.116202473763523813e+02 7.194380219984649827e+00
1.129529682406390521e+02 5.395785164988563309e+00
1.132908863332906151e+02 7.194380219984649827e+00
1.132908863332906861e+02 7.194380219984649827e+00
1.135643165623860256e+02 7.194380219984649827e+00
1.148563555728901235e+02 7.194380219984649827e+00
1.150150632429987496e+02 3.597190109992477236e+00
1.150646144974586349e+02 3.597190109992477236e+00
1.158997173929033693e+02 1.798595054996238618e+00
1.169041977123098093e+02 7.194380219984649827e+00
1.172779784095964288e+02 5.395785164988563309e+00
1.177411305602070257e+02 5.395785164988563309e+00
1.178314614720180771e+02 5.395785164988563309e+00
1.180035238526817949e+02 7.194380219984649827e+00
1.181234714279299851e+02 1.079157032997697385e+01
1.190342178503229036e+02 8.992975274980889111e+00
1.200705857986371541e+02 1.798595054996238618e+00
1.200743209119539614e+02 7.194380219984649827e+00
1.206712519761609741e+02 3.597190109992477236e+00
1.214678148144611782e+02 1.798595054996238618e+00
1.220072381396311130e+02 7.194380219984649827e+00
1.221155794101291292e+02 7.194380219984649827e+00
1.229147518558484649e+02 8.992975274980889111e+00
1.243810488459349557e+02 3.597190109992324913e+00
1.246716189052824006e+02 7.194380219984649827e+00
1.256438014606996916e+02 1.798595054996238618e+00
1.264165306850008506e+02 3.597190109992477236e+00
1.264165306850008506e+02 3.597190109992477236e+00
1.266015788451569790e+02 7.194380219984649827e+00
1.276809841601147468e+02 1.798595054996238618e+00
1.277067643534295485e+02 1.798595054996238618e+00
1.277366794248217445e+02 -0.000000000000000000e+00
1.281784762268227098e+02 5.395785164988563309e+00
1.285818426509127335e+02 3.597190109992324913e+00
1.290568313516630212e+02 7.194380219984649827e+00
1.301572905462281255e+02 1.798595054996238618e+00
1.305247235690899288e+02 1.798595054996238618e+00
1.308109331252863683e+02 1.798595054996238618e+00
1.308582963811666957e+02 7.194380219984649827e+00
1.322823874907828952e+02 3.597190109992477236e+00
1.327611707251680286e+02 5.395785164988563309e+00
1.333997128079723780e+02 7.194380219984649827e+00
1.336013096671128721e+02 5.395785164988563309e+00
1.343943453687718943e+02 5.395785164988563309e+00
1.362256578194029544e+02 5.395785164988563309e+00
1.365399865216631383e+02 1.798595054996238618e+00
1.365804391483261782e+02 1.798595054996238618e+00
1.370223670056716117e+02 1.798595054996238618e+00
1.375675048332815606e+02 1.798595054996238618e+00
1.380073952705933777e+02 5.395785164988563309e+00
1.391646533951694948e+02 5.395785164988563309e+00
1.392247306018083179e+02 5.395785164988563309e+00
1.392860086533659683e+02 -0.000000000000000000e+00
1.401665313662307710e+02 2.877752087993874852e+01
1.405247211620933001e+02 1.079157032997712662e+01
1.405852796252610801e+02 1.438876043996929965e+01
1.419450367949742997e+02 -0.000000000000000000e+00
1.421430230189418751e+02 3.597190109992324913e+00
1.423752995569928146e+02 5.395785164988563309e+00
1.423774773157836648e+02 1.978454560495786296e+01
1.424521669532156523e+02 1.798595054996238618e+00
1.436118905861859787e+02 -0.000000000000000000e+00
1.439163225448093897e+02 1.618735549496553716e+01
1.456974477547134086e+02 7.194380219984649827e+00
1.466634454741861759e+02 1.798595054996177822e+01
1.472108953357589201e+02 1.079157032997712662e+01
1.477308209650929598e+02 7.194380219984649827e+00
1.478243900711368610e+02 1.798595054996177822e+01
1.480043222384445301e+02 1.798595054996238618e+00
1.480043222384445301e+02 1.798595054996238618e+00
1.480135578668012784e+02 1.798595054996238618e+00
1.489180703931878611e+02 1.798595054996238618e+00
1.503225614630105440e+02 7.194380219984649827e+00
1.504610190949959758e+02 -0.000000000000000000e+00
1.515817720233060584e+02 5.395785164988410543e+00
1.519098692140691753e+02 7.194380219984649827e+00
1.521546977904862956e+02 1.798595054996238618e+00
1.522772041778838741e+02 7.194380219984649827e+00
1.523381207948109477e+02 5.395785164988563309e+00
1.544060540189514938e+02 1.259016538497321136e+01
1.544731331986691032e+02 7.194380219984649827e+00
1.549060887439339353e+02 5.395785164988563309e+00
1.553862318871055379e+02 1.798595054996238618e+00
1.556384611510441971e+02 5.395785164988563309e+00
1.561513900939756638e+02 8.992975274980889111e+00
1.561513900939757207e+02 5.395785164988563309e+00
1.565461241342012784e+02 5.395785164988563309e+00
1.566767998412770737e+02 -0.000000000000000000e+00
1.567130619084587693e+02 7.194380219984649827e+00
1.567919576710008585e+02 1.798595054996238618e+00
1.570406369596380500e+02 1.259016538497321136e+01
1.582809680899695763e+02 1.798595054996238618e+00
1.585681291998093059e+02 7.194380219984649827e+00
1.600352766506986200e+02 5.395785164988563309e+00
1.605919447411391445e+02 8.992975274980889111e+00
1.609890088369640750e+02 5.395785164988410543e+00
1.612390459787579573e+02 5.395785164988563309e+00
1.621007334056545233e+02 1.259016538497321136e+01
1.625293521885804182e+02 5.395785164988563309e+00
1.627837003243065510e+02 -0.000000000000000000e+00
1.645871932782135616e+02 5.395785164988410543e+00
1.653728599991019621e+02 7.194380219984649827e+00
1.659159501410709936e+02 1.259016538497321136e+01
1.660790442232831765e+02 7.194380219984649827e+00
1.671625257609669291e+02 7.194380219984649827e+00
1.679637733765468681e+02 -0.000000000000000000e+00
1.679637733765468681e+02 -0.000000000000000000e+00
1.689609174998193168e+02 7.194380219984649827e+00
1.706213579988353217e+02 3.597190109992477236e+00
1.710239421631605694e+02 8.992975274980889111e+00
1.711839049721445747e+02 1.259016538497321136e+01
1.726711636826521783e+02 8.992975274980889111e+00
1.727692295888775220e+02 7.194380219984649827e+00
1.741439732492010535e+02 1.798595054996238618e+00
1.744884324720088387e+02 1.798595054996238618e+00
1.750017567499182860e+02 1.798595054996238618e+00
1.772545460828732757e+02 8.992975274980889111e+00
1.773514026428415207e+02 1.798595054996238618e+00
1.778558617491896712e+02 1.798595054996238618e+00
1.789825015098218159e+02 1.079157032997712662e+01
1.794711325325066866e+02 1.079157032997712662e+01
1.803229251626738971e+02 1.079157032997712662e+01
1.812146856189725384e+02 5.395785164988563309e+00
1.820438475339855131e+02 1.079157032997712662e+01
1.825194783657472897e+02 1.259016538497321136e+01
1.830361278822857400e+02 7.194380219984649827e+00
1.834312325286508099e+02 1.798595054996238618e+00
1.847735969484197085e+02 5.395785164988410543e+00
1.854061311756354371e+02 -0.000000000000000000e+00
1.860788510277680814e+02 3.417330604492715906e+01
1.862848985060854261e+02 1.259016538497321136e+01
1.867947904118961731e+02 1.978454560495786296e+01
1.887500025740823730e+02 1.618735549496553716e+01
1.896049298841873565e+02 7.194380219984649827e+00
1.897259945384482478e+02 5.395785164988563309e+00
1.898442838837774218e+02 3.597190109992477236e+00
1.898526791969709677e+02 3.597190109992324913e+00
1.901350162698383315e+02 5.395785164988563309e+00
1.902568806236379544e+02 7.194380219984649827e+00
1.922217457759767285e+02 1.798595054996177822e+01
1.940509739061340326e+02 7.194380219984649827e+00
1.948009942995594486e+02 1.798595054996238618e+00
1.950850659267234164e+02 3.597190109992477236e+00
1.957528516909974314e+02 1.798595054996238618e+00
1.958913273855733905e+02 2.338173571495018521e+01
1.960020114925997632e+02 1.978454560495786296e+01
1.965765800926561440e+02 7.194380219984649827e+00
1.976256030349288721e+02 1.798595054996177822e+01
1.982854102480328322e+02 1.438876043996929965e+01
1.998157993302082787e+02 5.395785164988563309e+00
2.006934637969016251e+02 7.194380219984649827e+00
2.016249059994291883e+02 3.597190109992477236e+00
2.025872857736930541e+02 5.395785164988563309e+00
2.026712992419239754e+02 5.395785164988563309e+00
2.027763090279736957e+02 1.259016538497321136e+01
2.055840529391846303e+02 1.079157032997712662e+01
2.067725911061868374e+02 5.395785164988563309e+00
2.073972759534547663e+02 7.194380219984649827e+00
2.074148876215384405e+02 7.194380219984649827e+00
2.077395485382759546e+02 1.798595054996238618e+00
2.077993314320161460e+02 5.395785164988563309e+00
2.085850555997293725e+02 8.992975274980889111e+00
2.087324774942355248e+02 1.259016538497321136e+01
2.107330634569075869e+02 7.194380219984649827e+00
2.110412907866261492e+02 7.194380219984649827e+00
2.111068524261422112e+02 8.992975274980889111e+00
2.131729170319811146e+02 -0.000000000000000000e+00
2.133440412273942570e+02 7.194380219984649827e+00
2.133474941112020247e+02 5.395785164988563309e+00
2.158030568417552786e+02 8.992975274980889111e+00
2.184895664999176006e+02 1.798595054996238618e+00
2.188518289682229181e+02 1.798595054996238618e+00
2.190143078385202955e+02 1.798595054996238618e+00
2.202912101437592582e+02 1.798595054996238618e+00
2.205096546090756249e+02 1.798595054996238618e+00
2.218718438988710489e+02 1.798595054996238618e+00
2.234072377296010643e+02 -0.000000000000000000e+00
2.239068228102696594e+02 7.194380219984649827e+00
2.262783896486920128e+02 5.395785164988563309e+00
2.263593765655271284e+02 -0.000000000000000000e+00
2.293536925242480891e+02 -0.000000000000000000e+00
2.297142800989124112e+02 1.618735549496553716e+01
2.307109525909636147e+02 1.798595054996238618e+00
2.338083954246196186e+02 -0.000000000000000000e+00
2.375032366934309209e+02 -0.000000000000000000e+00
2.377961545288067668e+02 1.798595054996238618e+00
2.401091336751871381e+02 -0.000000000000000000e+00
2.401427265790333081e+02 1.079157032997712662e+01
2.445749767048677654e+02 -0.000000000000000000e+00
2.446862038793522913e+02 1.079157032997712662e+01
2.464474163190897400e+02 -0.000000000000000000e+00
2.481024281255100732e+02 1.079157032997712662e+01
2.486040493060611993e+02 1.259016538497321136e+01
2.493432378105647160e+02 3.597190109992477236e+00
2.508360840208218576e+02 7.194380219984649827e+00
2.511886400933728680e+02 7.194380219984649827e+00
2.548184759324891218e+02 1.438876043996929965e+01
2.549973483275545618e+02 7.194380219984649827e+00
2.566826015712539970e+02 7.194380219984649827e+00
2.622481374952136548e+02 7.194380219984649827e+00
2.624210365186821150e+02 1.259016538497321136e+01
2.630507573146006166e+02 1.259016538497321136e+01
2.638396246021812317e+02 2.338173571495018521e+01
2.661765194869438460e+02 7.194380219984649827e+00
2.669207151371859936e+02 7.194380219984649827e+00
2.672875389273638120e+02 3.956909120991572593e+01
2.687574552442061417e+02 3.417330604492730828e+01
2.696768845539911581e+02 2.158314065995394770e+01
2.698498608642386216e+02 3.597190109992477236e+00
2.705506881645468411e+02 1.798595054996177822e+01
2.717176970720149143e+02 1.618735549496553716e+01
2.719335794992390447e+02 -0.000000000000000000e+00
2.740368594616482483e+02 1.618735549496553716e+01
2.746232773587910856e+02 1.438876043996929965e+01
2.760372950223059547e+02 -0.000000000000000000e+00
2.767281302336487556e+02 3.597190109992340012e+01
2.778985603797891031e+02 3.597190109992324913e+00
2.788209404687424922e+02 7.194380219984649827e+00
2.805916929828322282e+02 1.259016538497321136e+01
2.811535328537221972e+02 1.798595054996177822e+01
2.817997441169251829e+02 7.194380219984649827e+00
2.824221474702098931e+02 5.755504175987734783e+01
2.824778875959174798e+02 5.395785164988563309e+00
2.825486414172215177e+02 7.194380219984649827e+00
2.860508126574913490e+02 1.798595054996238618e+00
2.861992303119943131e+02 1.798595054996238618e+00
2.866130290006544215e+02 7.194380219984649827e+00
2.871408889322252094e+02 1.798595054996238618e+00
2.879740111500448734e+02 8.992975274980889111e+00
2.885986821588992370e+02 2.518033076994642272e+01
2.888573092601174608e+02 3.237471098993107432e+01
2.891241255579071776e+02 1.798595054996238618e+00
2.897543992307124086e+02 1.978454560495786296e+01
2.908708581905498249e+02 1.798595054996238618e+00
2.912077222304884003e+02 4.136768626491195988e+01
2.912077222304884003e+02 5.215925659488878097e+01
2.939867630607346314e+02 3.597190109992324913e+00
2.946295215230465487e+02 1.079157032997712662e+01
2.959982512897872198e+02 7.194380219984649827e+00
2.967641279628778648e+02 2.338173571495018521e+01
2.980588336190521659e+02 1.618735549496553716e+01
3.000493662543462960e+02 2.518033076994642272e+01
3.006036272112638130e+02 -0.000000000000000000e+00
3.008114603555475810e+02 1.438876043996929965e+01
3.011742741068876512e+02 1.798595054996238618e+00
3.018741627633755797e+02 2.338173571495018521e+01
3.023159372402961935e+02 3.777049615491948487e+01
3.028840472389872502e+02 8.992975274980889111e+00
3.040113543189584675e+02 3.777049615491948487e+01
3.046081161838311573e+02 2.158314065995394770e+01
3.054032896675568054e+02 8.992975274980889111e+00
3.071148394473208896e+02 5.395785164988563309e+00
3.076267249980646170e+02 8.992975274980889111e+00
3.082700462731551738e+02 1.798595054996177822e+01
3.085489471717818901e+02 7.194380219984649827e+00
3.094328804246920299e+02 7.194380219984649827e+00
3.112384923127240768e+02 7.194380219984649827e+00
3.118354620819244474e+02 1.798595054996238618e+00
3.146878543728882960e+02 7.194380219984649827e+00
3.152633952993119237e+02 1.798595054996238618e+00
3.164690421119469761e+02 3.597190109992324913e+00
3.183522209022204947e+02 3.057611593493483682e+01
3.215277610139634135e+02 5.215925659488878097e+01
3.291319495086480060e+02 -0.000000000000000000e+00
3.294159367731633097e+02 1.798595054996238618e+00
3.338442845954016320e+02 3.417330604492730828e+01
3.339088348658693803e+02 1.079157032997697385e+01
3.347439953113586171e+02 8.992975274980889111e+00
3.386359383171864010e+02 7.194380219984649827e+00
3.391917605540360796e+02 1.798595054996177822e+01
3.396264029849971280e+02 1.798595054996238618e+00
3.397092240262096539e+02 2.877752087993874852e+01
3.404579828890200019e+02 1.978454560495786296e+01
3.433861909400444006e+02 2.338173571495018521e+01
3.433928393067498064e+02 1.978454560495786296e+01
3.438500923320286802e+02 1.798595054996177822e+01
3.439943660988378156e+02 1.798595054996238618e+00
3.440178148908931348e+02 2.338173571495018521e+01
3.504197795433116198e+02 2.338173571495018521e+01
3.534208961537005393e+02 1.259016538497321136e+01
