# data from file /Users/tpaneque/Documents/MAPS/hd163296/HD_163296_C18O_220GHz.robust_0.5.JvMcorr.image.fits
# parameters used:
# PA: -133.3
# inc: 46.7
# dist: 101.0 
# vsys: 5.8
# r[au] h[au]
2.176756000455117501e+01 2.780248697764530874e+00
2.261738036638435645e+01 3.706998263686041017e+00
2.288054864166630153e+01 1.853499131843020509e+00
2.545926860586671481e+01 9.267495659215102544e-01
2.545926860586671481e+01 9.267495659215102544e-01
2.568830504021426364e+01 2.780248697764530874e+00
2.611064901235128133e+01 3.706998263686041017e+00
2.700290381356187552e+01 2.780248697764530874e+00
2.707922462977691325e+01 9.267495659215102544e-01
2.790128950728277601e+01 3.706998263686041017e+00
2.853846982496157025e+01 -0.000000000000000000e+00
2.880523246322448117e+01 9.267495659215102544e-01
2.947533712744932544e+01 6.487246961450571447e+00
2.958812048956028207e+01 3.706998263686041017e+00
2.958812048956028207e+01 3.706998263686041017e+00
2.971422550964529918e+01 -0.000000000000000000e+00
3.138239404450210301e+01 2.780248697764530874e+00
3.154561326480662586e+01 3.706998263686041017e+00
3.162497290829535501e+01 3.706998263686041017e+00
3.162497290829535501e+01 3.706998263686041017e+00
3.178609130817166673e+01 9.267495659215102544e-01
3.217200981035686880e+01 9.267495659215102544e-01
3.242527366949443746e+01 9.267495659215102544e-01
3.304694591317437613e+01 3.706998263686041017e+00
3.304694591317437613e+01 3.706998263686041017e+00
3.323540511140586062e+01 1.853499131843020509e+00
3.329641257399736531e+01 9.267495659215102544e-01
3.329641257399736531e+01 9.267495659215102544e-01
3.450292562692917642e+01 9.267495659215102544e-01
3.462115137689549016e+01 9.267495659215102544e-01
3.525221390096856311e+01 1.853499131843020509e+00
3.545393221738727618e+01 1.853499131843020509e+00
3.545393221738727618e+01 1.853499131843020509e+00
3.545393221738731171e+01 -0.000000000000000000e+00
3.571805439509527957e+01 2.780248697764530874e+00
3.571805439509527957e+01 2.780248697764530874e+00
3.582316572509320451e+01 2.780248697764530874e+00
3.622305080110189124e+01 9.267495659215102544e-01
3.660182376405812477e+01 -0.000000000000000000e+00
3.660182376405812477e+01 1.853499131843020509e+00
3.660182376405812477e+01 1.853499131843020509e+00
3.712305126160632796e+01 3.706998263686041017e+00
3.720058877845107759e+01 9.267495659215102544e-01
3.737082451357237289e+01 3.706998263686041017e+00
3.739325169590813402e+01 9.267495659215102544e-01
3.755571973121134732e+01 3.706998263686041017e+00
3.755571973121134732e+01 9.267495659215102322e+00
3.755571973121134732e+01 9.267495659215102322e+00
3.779111756123141674e+01 2.780248697764530874e+00
3.826716007493694605e+01 -0.000000000000000000e+00
3.826716007493694605e+01 -0.000000000000000000e+00
3.826716007493694605e+01 1.853499131843020509e+00
3.835426726392955032e+01 6.487246961450571447e+00
3.835426726392955032e+01 1.204774435697971313e+01
3.862907823784031081e+01 9.267495659215102544e-01
3.906998920108937057e+01 6.487246961450571447e+00
3.912939503217143766e+01 9.267495659215102544e-01
3.931537239888711355e+01 2.780248697764530874e+00
3.939498700165114542e+01 9.267495659215102544e-01
3.989595469517617943e+01 9.267495659215102544e-01
3.994661255599298499e+01 9.267495659215102544e-01
4.003585478028931277e+01 -0.000000000000000000e+00
4.003585478028931277e+01 5.560497395529061748e+00
4.020901263344673993e+01 -0.000000000000000000e+00
4.055713231254404150e+01 -0.000000000000000000e+00
4.087028926015636898e+01 2.780248697764530874e+00
4.100255600679130197e+01 9.267495659214313175e-01
4.103046078634204008e+01 9.267495659215102544e-01
4.103046078634207561e+01 9.267495659215102544e-01
4.103046078634207561e+01 9.267495659215102544e-01
4.123116638031621761e+01 9.267495659215102544e-01
4.161804028334641714e+01 9.267495659215102544e-01
4.206081768640881791e+01 -0.000000000000000000e+00
4.238939694219132548e+01 -0.000000000000000000e+00
4.238939694219132548e+01 1.853499131843020509e+00
4.263084341154680601e+01 9.267495659215102544e-01
4.274573330784998149e+01 9.267495659215102544e-01
4.298199990171423934e+01 9.267495659214313175e-01
4.316937558623629201e+01 9.267495659215102544e-01
4.316937558623629201e+01 9.267495659215102544e-01
4.316937558623629201e+01 9.267495659215102544e-01
4.336348113797471626e+01 -0.000000000000000000e+00
4.351774835391876906e+01 -0.000000000000000000e+00
4.373740067354352590e+01 2.780248697764451826e+00
4.390712138268367681e+01 3.706998263686041017e+00
4.399454052570163043e+01 9.267495659215102544e-01
4.404389483915307579e+01 9.267495659215102544e-01
4.404389483915307579e+01 9.267495659215102544e-01
4.425492376607262202e+01 9.267495659214313175e-01
4.438218073434035915e+01 9.267495659215102544e-01
4.460751895730516736e+01 2.780248697764530874e+00
4.523476073276864895e+01 -0.000000000000000000e+00
4.539122563645867814e+01 1.853499131843020509e+00
4.551261785572946650e+01 9.267495659215102544e-01
4.551261785572946650e+01 9.267495659215102544e-01
4.564187019488332453e+01 9.267495659214313175e-01
4.584674518322026415e+01 -0.000000000000000000e+00
4.629912667426806649e+01 -0.000000000000000000e+00
4.636673638398151098e+01 9.267495659215102544e-01
4.636673638398151098e+01 9.267495659215102544e-01
4.664091752515874134e+01 9.267495659215102544e-01
4.664091752515874134e+01 9.267495659215102544e-01
4.669213245100407050e+01 9.267495659214313175e-01
4.677508071166569437e+01 9.267495659215102544e-01
4.689069449756566854e+01 9.267495659215102544e-01
4.718347014280330143e+01 -0.000000000000000000e+00
4.720525201714411878e+01 3.706998263686041017e+00
4.733048577486897557e+01 1.853499131843020509e+00
4.755142152702599390e+01 9.267495659214313175e-01
4.778859756074027132e+01 3.706998263686041017e+00
4.800872077204084576e+01 9.267495659214313175e-01
4.803029147390164866e+01 9.267495659215102544e-01
4.818869476750128911e+01 2.780248697764530874e+00
4.833222385842059765e+01 2.780248697764530874e+00
4.833222385842059765e+01 2.780248697764530874e+00
4.855592279503876796e+01 9.267495659215102544e-01
4.855592279503876796e+01 9.267495659215102544e-01
4.856040163730568082e+01 9.267495659214313175e-01
4.933642924141289399e+01 -0.000000000000000000e+00
4.934099598312247537e+01 -0.000000000000000000e+00
4.934099598312247537e+01 1.853499131843020509e+00
4.938211034357576068e+01 9.267495659215102544e-01
4.938211034357576068e+01 9.267495659215102544e-01
4.945887066738462323e+01 2.780248697764530874e+00
4.957041886976157485e+01 9.267495659214313175e-01
4.957041886976160328e+01 9.267495659214313175e-01
4.962880075978283401e+01 1.853499131843020509e+00
4.982764939792080838e+01 9.267495659214313175e-01
5.003391367943854107e+01 1.853499131843020509e+00
5.012407786079044314e+01 9.267495659214313175e-01
5.045035138091256499e+01 -0.000000000000000000e+00
5.070499453566405634e+01 9.267495659215102544e-01
5.092335567756754244e+01 9.267495659215102544e-01
5.098418749523876414e+01 2.780248697764530874e+00
5.113902301857277877e+01 1.853499131843020509e+00
5.113902301857277877e+01 1.853499131843020509e+00
5.127429409557182538e+01 1.853499131843020509e+00
5.127429409557183249e+01 1.853499131843020509e+00
5.133404134955621601e+01 9.267495659214313175e-01
5.137661008042852728e+01 3.706998263686041017e+00
5.166811168679600286e+01 1.853499131843020509e+00
5.167798287582844807e+01 1.853499131843020509e+00
5.205187337732918706e+01 2.780248697764530874e+00
5.205187337732918706e+01 2.780248697764530874e+00
5.220473379516004542e+01 -0.000000000000000000e+00
5.220473379516004542e+01 -0.000000000000000000e+00
5.224478515403885837e+01 9.267495659215102544e-01
5.224478515403885837e+01 9.267495659215102544e-01
5.234387941908581610e+01 -0.000000000000000000e+00
5.234387941908581610e+01 1.853499131843020509e+00
5.242073727429696817e+01 9.267495659214313175e-01
5.247061804308427924e+01 1.853499131843020509e+00
5.247061804308427924e+01 1.853499131843020509e+00
5.265135968475625106e+01 9.267495659215102544e-01
5.286130221521310091e+01 1.853499131843020509e+00
5.300336647309399751e+01 1.853499131843020509e+00
5.305921293652902904e+01 9.267495659214313175e-01
5.330509802241200390e+01 9.267495659215102544e-01
5.330509802241200390e+01 9.267495659215102544e-01
5.333972345884188826e+01 9.267495659214313175e-01
5.344535328595444668e+01 9.267495659215102544e-01
5.349692724510732234e+01 9.267495659215102544e-01
5.400580762712377236e+01 3.706998263686041017e+00
5.420708803389536712e+01 9.267495659215102544e-01
5.420708803389536712e+01 9.267495659215102544e-01
5.426711303362811378e+01 3.706998263686041017e+00
5.427454621806196400e+01 2.780248697764530874e+00
5.463775317670427967e+01 3.706998263686041017e+00
5.472706377087371266e+01 3.706998263686041017e+00
5.477519763447775603e+01 2.780248697764530874e+00
5.487395858489981038e+01 9.267495659214313175e-01
5.487395858489981038e+01 9.267495659214313175e-01
5.490273564608720847e+01 9.267495659215102544e-01
5.498257426694443950e+01 9.267495659214313175e-01
5.498257426694443950e+01 9.267495659214313175e-01
5.543337667090426635e+01 3.706998263686041017e+00
5.550348289658958123e+01 9.267495659214313175e-01
5.550348289658958123e+01 9.267495659214313175e-01
5.564821231292052772e+01 3.706998263686041017e+00
5.567319597840710799e+01 1.853499131843020509e+00
5.627234233871713798e+01 3.706998263686041017e+00
5.633501709274570857e+01 2.780248697764451826e+00
5.664607775054009409e+01 2.780248697764530874e+00
5.664607775054009409e+01 2.780248697764530874e+00
5.670519894344778322e+01 9.267495659215102544e-01
5.699431107713327549e+01 3.706998263686041017e+00
5.699431107713327549e+01 3.706998263686041017e+00
5.739358937061537347e+01 -0.000000000000000000e+00
5.739358937061537347e+01 5.560497395529061748e+00
5.746369362113686918e+01 9.267495659214313175e-01
5.748501482299548826e+01 3.706998263686041017e+00
5.761036494514534922e+01 4.633747829607551161e+00
5.772021365886774191e+01 3.706998263686041017e+00
5.788328043669606160e+01 3.706998263686041017e+00
5.814237936126244222e+01 6.487246961450571447e+00
5.815797739753313778e+01 3.706998263686041017e+00
5.823651021786150039e+01 3.706998263686041017e+00
5.848381897678631702e+01 6.487246961450571447e+00
5.849869192472753809e+01 6.487246961450571447e+00
5.868806215497763645e+01 2.780248697764530874e+00
5.886050377499787345e+01 2.780248697764451826e+00
5.893683790709479098e+01 5.560497395529061748e+00
5.900656502143011295e+01 9.267495659215102322e+00
5.906471597731923850e+01 9.267495659215102544e-01
5.917624097912053571e+01 -0.000000000000000000e+00
5.949821378988023923e+01 3.706998263686041017e+00
5.949821378988023923e+01 3.706998263686041017e+00
5.995573773863449674e+01 3.706998263686041017e+00
5.995573773863449674e+01 3.706998263686041017e+00
6.010536242436420196e+01 8.340746093293592622e+00
6.011398995666178280e+01 3.706998263686041017e+00
6.037166652775860598e+01 4.633747829607551161e+00
6.083569846881606225e+01 3.706998263686041017e+00
6.088929523243761111e+01 2.780248697764530874e+00
6.088929523243761111e+01 4.633747829607551161e+00
6.097345052214443939e+01 9.267495659215102322e+00
6.100430895158775968e+01 8.340746093293592622e+00
6.101467470526223025e+01 5.560497395529061748e+00
6.102034963686111979e+01 8.340746093293592622e+00
6.113377144758229775e+01 1.853499131843020509e+00
6.174371014035192218e+01 2.780248697764530874e+00
6.174383700022769261e+01 6.487246961450571447e+00
6.191392613757223984e+01 5.560497395529061748e+00
6.235949822862481540e+01 5.560497395529061748e+00
6.248693097213384817e+01 3.706998263686041017e+00
6.260703205147432726e+01 9.267495659215102322e+00
6.269315906539137728e+01 6.487246961450571447e+00
6.281034966536951458e+01 1.390124348882265437e+01
6.355579638220856964e+01 2.780248697764530874e+00
6.357218261634329792e+01 5.560497395529061748e+00
6.404769635467631872e+01 6.487246961450571447e+00
6.457776540822329991e+01 6.487246961450571447e+00
6.467722051813599649e+01 1.668149218658718524e+01
6.474459789322621361e+01 6.487246961450571447e+00
6.528976283739206110e+01 7.413996527372082035e+00
6.530268001365348596e+01 9.267495659215102544e-01
6.550939169010996466e+01 5.560497395529061748e+00
6.557247797436544090e+01 6.487246961450650495e+00
6.561070373644604103e+01 7.413996527372082035e+00
6.565831166941862307e+01 2.780248697764530874e+00
6.570435983194927587e+01 8.340746093293592622e+00
6.570435983194927587e+01 8.340746093293592622e+00
6.570435983194927587e+01 8.340746093293592622e+00
6.588697187202137684e+01 6.487246961450571447e+00
6.614879723726710381e+01 1.112099479105812350e+01
6.624017961352900841e+01 5.560497395529061748e+00
6.630675752987092153e+01 9.267495659215102322e+00
6.647081022281172125e+01 9.267495659215102322e+00
6.664152223069292802e+01 2.780248697764530874e+00
6.690255377519916635e+01 8.340746093293592622e+00
6.718355050506185933e+01 9.267495659215102322e+00
6.773270090206216310e+01 9.267495659215102322e+00
6.824572274941729688e+01 9.267495659215102322e+00
6.828910523321530945e+01 8.340746093293592622e+00
6.829749506441120843e+01 5.560497395529061748e+00
6.864156201139465452e+01 6.487246961450571447e+00
6.864164592499882644e+01 9.267495659215102322e+00
6.886832576672473749e+01 6.487246961450571447e+00
6.898659796100204744e+01 9.267495659215102322e+00
6.941600971799398678e+01 6.487246961450571447e+00
6.957232055812502836e+01 8.340746093293592622e+00
6.957232055812502836e+01 8.340746093293592622e+00
6.962839736627003617e+01 1.112099479105812350e+01
6.969098809888670587e+01 6.487246961450571447e+00
7.021257554128102640e+01 1.112099479105812350e+01
7.023616712144037422e+01 8.340746093293592622e+00
7.030711065975857821e+01 9.267495659215102322e+00
7.031097723824409229e+01 3.706998263686041017e+00
7.043291105790861195e+01 1.204774435697963320e+01
7.063619470877092965e+01 9.267495659215102322e+00
7.066859436435959196e+01 3.706998263686041017e+00
7.085480974505885854e+01 8.340746093293592622e+00
7.085480974505885854e+01 1.019424522513661202e+01
7.124288884641656239e+01 6.487246961450650495e+00
7.164633145018640903e+01 9.267495659215102322e+00
7.181960345158131531e+01 3.706998263686041017e+00
7.191875030038453076e+01 6.487246961450571447e+00
7.227733112454899356e+01 1.204774435697963320e+01
7.243484316775193577e+01 1.112099479105812350e+01
7.244610160220373984e+01 5.560497395529061748e+00
7.244610160220373984e+01 1.112099479105812350e+01
7.320364752811622111e+01 9.267495659215102322e+00
7.322291523570162042e+01 1.204774435697963320e+01
7.348644282853148013e+01 9.267495659215102322e+00
7.361339792315486363e+01 9.267495659215102322e+00
7.375094058408592446e+01 1.019424522513669196e+01
7.401975965316312056e+01 3.706998263686041017e+00
7.405101802819631018e+01 6.487246961450571447e+00
7.419575164414875701e+01 6.487246961450650495e+00
7.440117755690215517e+01 3.706998263686041017e+00
7.502982150476270817e+01 6.487246961450571447e+00
7.508506258227734520e+01 1.297449392290114289e+01
7.555087231952805382e+01 1.204774435697963320e+01
7.567651953523849784e+01 1.019424522513661202e+01
7.630875641619385874e+01 3.706998263686041017e+00
7.630875641619385874e+01 9.267495659215102322e+00
7.653432014987389209e+01 3.706998263686041017e+00
7.653495530180502726e+01 6.487246961450571447e+00
7.719846605857773625e+01 6.487246961450571447e+00
7.778295802964579764e+01 7.413996527372082035e+00
7.798180614847234438e+01 9.267495659215102544e-01
7.819430097337139784e+01 6.487246961450571447e+00
7.842234104393645566e+01 3.706998263686041017e+00
7.849656654780152110e+01 1.112099479105812350e+01
7.872148637966033391e+01 3.706998263686041017e+00
7.915262803499071254e+01 5.560497395529061748e+00
7.922204285982634531e+01 4.633747829607551161e+00
7.925230460833616064e+01 9.267495659215102544e-01
7.953508067615328514e+01 8.340746093293592622e+00
7.981588797644198507e+01 5.560497395529061748e+00
7.981588797644198507e+01 7.413996527372082035e+00
7.989322511198604104e+01 3.706998263686041017e+00
8.020635492759402041e+01 9.267495659215102322e+00
8.044989043426457442e+01 6.487246961450571447e+00
8.045459539654471826e+01 1.853499131843020509e+00
8.092336178570654681e+01 5.560497395529061748e+00
8.095649650383188600e+01 9.267495659215102544e-01
8.111426462508808299e+01 3.706998263686041017e+00
8.135648978453360769e+01 1.853499131843020509e+00
8.139415824455508641e+01 6.487246961450571447e+00
8.174057852031273796e+01 3.706998263686041017e+00
8.206092157268412279e+01 -0.000000000000000000e+00
8.252698739103377079e+01 4.633747829607551161e+00
8.252698739103377079e+01 8.340746093293592622e+00
8.267292544853103209e+01 3.706998263686041017e+00
8.280354980809829613e+01 9.267495659214313175e-01
8.280354980809829613e+01 9.267495659214313175e-01
8.314561926273205472e+01 6.487246961450571447e+00
8.323608056669283428e+01 9.267495659215102322e+00
8.367741386097999623e+01 -0.000000000000000000e+00
8.372037849197084824e+01 9.267495659215102544e-01
8.374051408597343027e+01 6.487246961450571447e+00
8.395025228435626730e+01 1.853499131843020509e+00
8.395025228435632414e+01 5.560497395529061748e+00
8.413404086523092928e+01 -0.000000000000000000e+00
8.413404086523092928e+01 1.112099479105812350e+01
8.414471963222111128e+01 -0.000000000000000000e+00
8.437799177047678256e+01 9.267495659214313175e-01
8.455120541011768864e+01 4.633747829607551161e+00
8.513221183951478110e+01 3.706998263686041017e+00
8.518922346513535615e+01 1.853499131843020509e+00
8.522085908749700423e+01 1.853499131843020509e+00
8.523070428593035786e+01 3.706998263686041017e+00
8.568306254891140838e+01 9.267495659215102544e-01
8.585080938960729213e+01 6.487246961450571447e+00
8.608466907077725239e+01 9.267495659214313175e-01
8.608466907077725239e+01 9.267495659214313175e-01
8.610368721096439515e+01 3.706998263686041017e+00
8.663716497417547657e+01 9.267495659215102322e+00
8.688722923040413093e+01 9.267495659215102544e-01
8.710874632954491403e+01 1.853499131843020509e+00
8.732307700253193161e+01 -0.000000000000000000e+00
8.750357283623560534e+01 5.560497395529061748e+00
8.755885362363973456e+01 8.340746093293592622e+00
8.772396691853434447e+01 3.706998263686041017e+00
8.798908105140321823e+01 1.853499131843020509e+00
8.961560093493625345e+01 2.780248697764530874e+00
8.963340724697317796e+01 3.706998263686041017e+00
8.982159043058172188e+01 6.487246961450650495e+00
8.982159043058175030e+01 9.267495659214313175e-01
9.028376568308217998e+01 9.267495659215102544e-01
9.059282069089826450e+01 9.267495659215102544e-01
9.084370273400698181e+01 5.560497395529061748e+00
9.085515997101209962e+01 7.413996527372082035e+00
9.087339270176394734e+01 1.019424522513661202e+01
9.125354770322410047e+01 9.267495659215102544e-01
9.135238581026000304e+01 4.633747829607551161e+00
9.135238581026000304e+01 8.340746093293592622e+00
9.152756373659593692e+01 2.780248697764530874e+00
9.190522091567414975e+01 7.413996527372082035e+00
9.192409500840797421e+01 7.413996527372082035e+00
9.259825334853613299e+01 3.706998263686041017e+00
9.273347276796309302e+01 9.267495659215102322e+00
9.333435994811222258e+01 1.760824175250877133e+01
9.354860253148451932e+01 2.780248697764530874e+00
9.355016142333130347e+01 1.853499131843020509e+00
9.378138899513133708e+01 7.413996527372082035e+00
9.403551186029235964e+01 3.706998263686041017e+00
9.451697580465958026e+01 9.267495659215102322e+00
9.466097154973790850e+01 9.267495659215102322e+00
9.467111994796835006e+01 1.853499131843020509e+00
9.467111994796835006e+01 7.413996527372082035e+00
9.477679578814709771e+01 8.340746093293592622e+00
9.496017241597390068e+01 3.706998263686041017e+00
9.510284305405191674e+01 1.112099479105812350e+01
9.511165808949469636e+01 6.487246961450571447e+00
9.567180497430189234e+01 8.340746093293592622e+00
9.569572871105509648e+01 4.633747829607551161e+00
9.601291133630829222e+01 7.413996527372082035e+00
9.622466186278117561e+01 3.706998263686041017e+00
9.645564753660319468e+01 1.019424522513661202e+01
9.658664510425352034e+01 8.340746093293592622e+00
9.676231120516003159e+01 5.560497395529061748e+00
9.728817366915740195e+01 1.204774435697971313e+01
9.748286916530797441e+01 7.413996527372082035e+00
9.793464425608812007e+01 9.267495659215102322e+00
9.829386008172720324e+01 6.487246961450571447e+00
9.867285848282584482e+01 9.267495659215102322e+00
9.883283144004253984e+01 1.019424522513669196e+01
9.888796442793453423e+01 1.019424522513661202e+01
9.921751516756668821e+01 6.487246961450571447e+00
9.970621533421758897e+01 3.706998263686041017e+00
1.007726589522440150e+02 1.019424522513669196e+01
1.011080751926152601e+02 6.487246961450571447e+00
1.014825070764212995e+02 1.482799305474416407e+01
1.014977866434478813e+02 4.633747829607551161e+00
1.015082456242625426e+02 8.340746093293592622e+00
1.015082456242625426e+02 1.019424522513661202e+01
1.015990513530931878e+02 9.267495659215102322e+00
1.015990513530931878e+02 9.267495659215102322e+00
1.017834777939315387e+02 6.487246961450571447e+00
1.017916780741648495e+02 9.267495659215102322e+00
1.018064066074920362e+02 3.706998263686041017e+00
1.018064066074920504e+02 9.267495659215102322e+00
1.018123739258777789e+02 1.204774435697971313e+01
1.020228793986553057e+02 1.482799305474416407e+01
1.025029765218835678e+02 7.413996527372082035e+00
1.027097405914277033e+02 9.267495659215102322e+00
1.029058987440588169e+02 1.482799305474416407e+01
1.032792757329702198e+02 7.413996527372082035e+00
1.034176764488005205e+02 6.487246961450571447e+00
1.034389868754955017e+02 3.706998263686041017e+00
1.035584217134609304e+02 8.340746093293592622e+00
1.038815305523728227e+02 1.204774435697963320e+01
1.038929004716484172e+02 1.297449392290114289e+01
1.038929004716484172e+02 1.297449392290114289e+01
1.044284841932239658e+02 1.019424522513661202e+01
1.044627291898843140e+02 1.853499131843020509e+00
1.046877588381716322e+02 1.482799305474416407e+01
1.047935917659058305e+02 1.204774435697971313e+01
1.050579763127537234e+02 4.633747829607551161e+00
1.052191806244890699e+02 9.267495659215102322e+00
1.054803296317858496e+02 1.019424522513661202e+01
1.055997922661612591e+02 6.487246961450571447e+00
1.059866757189290496e+02 5.560497395529061748e+00
1.063159919952840369e+02 9.267495659215102322e+00
1.065264152997501697e+02 5.560497395529061748e+00
1.068399858509535818e+02 6.487246961450571447e+00
1.074967919990523910e+02 1.019424522513661202e+01
1.081468165469292870e+02 1.297449392290114289e+01
1.081545748394392064e+02 3.706998263686041017e+00
1.082242148342859593e+02 1.390124348882273431e+01
1.083108747942820429e+02 3.706998263686041017e+00
1.086313789681722568e+02 1.204774435697963320e+01
1.086522647516279392e+02 9.267495659215102322e+00
1.087215859590710636e+02 1.204774435697971313e+01
1.088400416743948682e+02 9.267495659215102322e+00
1.091421085351484237e+02 5.560497395529061748e+00
1.092390962311720841e+02 1.204774435697971313e+01
1.094451352122063099e+02 1.112099479105812350e+01
1.094936686565461201e+02 8.340746093293592622e+00
1.096025901169996501e+02 4.633747829607551161e+00
1.099651485338888222e+02 7.413996527372082035e+00
1.104070558210213875e+02 9.267495659215102322e+00
1.107046035743712338e+02 8.340746093293672558e+00
1.107046035743712338e+02 8.340746093293672558e+00
1.108667533418085469e+02 1.112099479105812350e+01
1.109019456394284333e+02 3.706998263686041017e+00
1.113941032458508289e+02 1.112099479105812350e+01
1.118360766545639677e+02 1.204774435697963320e+01
1.119336960185245005e+02 8.340746093293592622e+00
1.121797550877244163e+02 1.204774435697971313e+01
1.122579540397275224e+02 8.340746093293672558e+00
1.123322366930212866e+02 5.560497395529061748e+00
1.123867372693982105e+02 7.413996527372082035e+00
1.126671591936341486e+02 2.038849045027322404e+01
1.128767745404492047e+02 4.633747829607551161e+00
1.128925343338486726e+02 1.204774435697963320e+01
1.131851359067378837e+02 7.413996527372082035e+00
1.136435091999618123e+02 1.112099479105812350e+01
1.140177813068292494e+02 8.340746093293592622e+00
1.140994232492121512e+02 5.560497395529061748e+00
1.141266969020437898e+02 1.019424522513661202e+01
1.147871787412307469e+02 9.267495659215102322e+00
1.149659476740649353e+02 6.487246961450571447e+00
1.149700296459908913e+02 5.560497395529061748e+00
1.151630693897479034e+02 9.267495659215102322e+00
1.152349335785565358e+02 9.267495659215102322e+00
1.152921505062179364e+02 9.267495659215102322e+00
1.154404273177355265e+02 1.112099479105812350e+01
1.155541867040132900e+02 7.413996527372082035e+00
1.156052612011399390e+02 4.633747829607551161e+00
1.156643106961102632e+02 6.487246961450650495e+00
1.164730204357230576e+02 1.112099479105812350e+01
1.165580857289761099e+02 1.204774435697963320e+01
1.165699722381205135e+02 4.633747829607551161e+00
1.170356933462748401e+02 -0.000000000000000000e+00
1.179253477261231922e+02 1.204774435697963320e+01
1.179526371804751932e+02 4.633747829607551161e+00
1.181932883968009520e+02 6.487246961450571447e+00
1.182542036672484187e+02 7.413996527372082035e+00
1.182542036672484187e+02 1.112099479105812350e+01
1.183363532040499422e+02 6.487246961450571447e+00
1.187482216148266474e+02 8.340746093293592622e+00
1.189964275797604358e+02 1.112099479105812350e+01
1.191414111766507631e+02 1.204774435697963320e+01
1.191419622737102344e+02 7.413996527372082035e+00
1.194331420075459249e+02 4.633747829607551161e+00
1.194405433144984130e+02 1.112099479105812350e+01
1.197523478010402727e+02 3.706998263686041017e+00
1.201699823727198151e+02 1.019424522513661202e+01
1.203446377334797148e+02 5.560497395529061748e+00
1.207120176920916492e+02 3.706998263686041017e+00
1.210588387418249994e+02 1.297449392290114289e+01
1.211310508739726544e+02 5.560497395529061748e+00
1.218691381886450671e+02 5.560497395529061748e+00
1.222254729458931735e+02 9.267495659214313175e-01
1.224312240321492027e+02 9.267495659215102544e-01
1.226654481003363486e+02 1.390124348882265437e+01
1.230152962499098095e+02 3.706998263686041017e+00
1.230569445283347534e+02 -0.000000000000000000e+00
1.231362099227862927e+02 3.706998263686041017e+00
1.232995151946630585e+02 1.019424522513661202e+01
1.233264972059533591e+02 4.633747829607551161e+00
1.233410731035322669e+02 5.560497395529061748e+00
1.238278522751444797e+02 3.706998263686041017e+00
1.249493081639063234e+02 1.112099479105812350e+01
1.249738619442675969e+02 3.706998263686041017e+00
1.254332514414155355e+02 1.853499131843020509e+00
1.255161207914699304e+02 1.204774435697963320e+01
1.264076981646314408e+02 6.487246961450571447e+00
1.267556892885956330e+02 1.019424522513661202e+01
1.270754071126503675e+02 -0.000000000000000000e+00
1.272086025964058535e+02 5.560497395529061748e+00
1.275005986057051075e+02 1.112099479105812350e+01
1.276012740225104523e+02 3.706998263686041017e+00
1.278925302346404891e+02 9.267495659215102544e-01
1.278925302346404891e+02 6.487246961450571447e+00
1.279715567208481133e+02 1.112099479105812350e+01
1.280231462033166849e+02 5.560497395529061748e+00
1.280238912366252748e+02 3.706998263686041017e+00
1.280953927093526374e+02 5.560497395529061748e+00
1.284210215453401815e+02 2.780248697764530874e+00
1.286364155230536426e+02 1.853499131843020509e+00
1.286364155230536426e+02 1.853499131843020509e+00
1.289727953794725011e+02 1.853499131843020509e+00
1.290914377581764541e+02 3.706998263686041017e+00
1.295606407852159805e+02 9.267495659215102544e-01
1.295606407852159805e+02 9.267495659215102544e-01
1.295930748014125413e+02 4.633747829607551161e+00
1.297621471340900428e+02 6.487246961450571447e+00
1.298256162619869087e+02 7.413996527372082035e+00
1.302936129719003873e+02 5.560497395529061748e+00
1.304348195722094772e+02 1.853499131843020509e+00
1.304738999569225939e+02 9.267495659215102544e-01
1.305029982228527388e+02 3.706998263686041017e+00
1.311956488015640616e+02 5.560497395529061748e+00
1.313166233388372461e+02 3.706998263686041017e+00
1.321756771388076857e+02 1.853499131843020509e+00
1.325599058863184609e+02 5.560497395529061748e+00
1.326432451472320224e+02 2.780248697764530874e+00
1.326432451472320224e+02 2.780248697764530874e+00
1.333598371716775546e+02 4.633747829607551161e+00
1.335969365410346938e+02 6.487246961450650495e+00
1.338313452379969135e+02 1.853499131843020509e+00
1.352230906513356103e+02 9.267495659215102322e+00
1.365469429631469893e+02 1.853499131843020509e+00
1.369435791475696362e+02 9.267495659214313175e-01
1.378793787964484352e+02 1.853499131843020509e+00
1.380633800090380987e+02 9.267495659214313175e-01
1.393090571942831843e+02 5.560497395529061748e+00
1.398824053476189420e+02 9.267495659215102322e+00
1.406219544764881277e+02 9.267495659215102322e+00
1.412868652081642438e+02 9.267495659214313175e-01
1.429615931499509713e+02 9.267495659214313175e-01
1.503956714128872534e+02 1.853499131843020509e+00
1.505848036458859269e+02 8.340746093293592622e+00
1.518167261226196274e+02 1.853499131843020509e+00
1.521408620160391081e+02 9.267495659215102544e-01
1.533149888329839143e+02 -0.000000000000000000e+00
1.533149888329839143e+02 1.853499131843020509e+00
1.556070885026586836e+02 9.267495659215102544e-01
1.561556201319876322e+02 9.267495659215102544e-01
1.561840536528829659e+02 2.780248697764530874e+00
1.569558940782524985e+02 9.267495659215102544e-01
1.611990531886623899e+02 1.297449392290114289e+01
1.623991534921807158e+02 1.853499131843020509e+00
1.643448161164767498e+02 6.487246961450571447e+00
1.656064415841778157e+02 6.487246961450571447e+00
1.660684941502103129e+02 1.853499131843020509e+00
1.697215404737563915e+02 8.340746093293592622e+00
1.757774430956101810e+02 9.267495659215102322e+00
1.759488734909882623e+02 3.706998263686041017e+00
1.762924808383189372e+02 3.706998263686041017e+00
1.784198881061546444e+02 -0.000000000000000000e+00
1.841989300502848437e+02 9.267495659215102322e+00
1.857971383980644191e+02 8.340746093293592622e+00
1.872492998835363096e+02 2.131524001619481368e+01
1.878954099255386154e+02 1.112099479105812350e+01
1.899305403702759634e+02 1.946174088435179428e+01
1.904499707118346237e+02 7.413996527372082035e+00
1.910032398835621450e+02 1.112099479105812350e+01
1.914120077787977721e+02 4.633747829607551161e+00
1.920490055095098398e+02 1.482799305474416407e+01
1.927378216302862768e+02 4.633747829607551161e+00
1.939871766689669528e+02 1.760824175250877133e+01
1.948195187703036879e+02 8.340746093293592622e+00
1.953953715944072371e+02 1.575474262066575371e+01
1.963154625209995174e+02 7.413996527372082035e+00
1.973622889964331648e+02 1.853499131843020509e+00
1.974757868109334424e+02 1.204774435697971313e+01
1.975361880726340758e+02 3.706998263686048745e+01
1.992869924266368287e+02 9.267495659215102322e+00
1.996141612850075546e+02 1.853499131843020464e+01
1.997692887747308532e+02 5.560497395529061748e+00
2.011678625156155817e+02 6.487246961450571447e+00
2.019257335897459882e+02 1.668149218658718524e+01
2.041261927686201716e+02 7.413996527372082035e+00
2.050374496302665932e+02 1.760824175250877133e+01
2.089274465903355917e+02 1.575474262066575371e+01
2.102074846307582447e+02 2.872923654356689482e+01
2.102805329872682023e+02 3.058273567540992133e+01
2.122584610206277205e+02 3.150948524133142925e+01
2.138457683820953150e+02 1.112099479105812350e+01
2.144142069168037494e+02 9.267495659215102322e+00
2.179860533294542222e+02 3.614323307093898308e+01
2.188482467243316307e+02 3.428973393909596012e+01
2.189988317134866804e+02 2.594898784580236395e+01
2.197207258447211871e+02 1.575474262066575371e+01
2.204195710688350118e+02 3.058273567540992133e+01
2.206127184483294172e+02 2.038849045027322404e+01
2.210717046894851592e+02 2.131524001619481368e+01
2.212479631010458547e+02 2.872923654356689482e+01
2.213748103580674353e+02 3.706998263686041017e+00
2.214251643163554206e+02 3.150948524133142925e+01
2.231917345589984336e+02 2.038849045027330220e+01
2.235626832689908667e+02 9.267495659215102322e+00
2.236456690250284112e+02 2.872923654356689482e+01
2.237543180257845563e+02 1.760824175250877133e+01
2.245624922437797295e+02 3.150948524133142925e+01
2.256923678094231320e+02 2.502223827988085603e+01
2.259982838621042447e+02 2.038849045027330220e+01
2.261563672054158758e+02 2.872923654356689482e+01
2.314018311379248019e+02 1.760824175250877133e+01
2.320577785810703801e+02 3.243623480725293717e+01
2.322545307033997233e+02 1.760824175250877133e+01
2.330489542267134198e+02 2.594898784580228579e+01
2.330779324613267534e+02 1.760824175250877133e+01
2.332376062969936470e+02 2.224198958211624699e+01
2.333313912856993397e+02 2.687573741172387543e+01
2.333389416218339534e+02 1.853499131843020464e+01
2.342901403720015026e+02 3.058273567540992133e+01
2.344631121010129959e+02 3.058273567540992133e+01
2.352670231318094238e+02 2.594898784580228579e+01
2.353162743632253751e+02 2.965598610948840985e+01
2.353257171199793447e+02 2.316873914803783308e+01
2.355604210640947827e+02 1.760824175250869317e+01
2.356031611109449102e+02 2.316873914803783308e+01
2.361644591389810444e+02 2.594898784580228579e+01
2.362595269782788421e+02 1.853499131843020464e+01
2.366142453281989617e+02 3.058273567540992133e+01
2.366727064080998844e+02 3.150948524133142925e+01
2.377918290893525466e+02 1.853499131843020464e+01
2.379159389856408779e+02 2.316873914803783308e+01
2.379280159542631168e+02 1.760824175250877133e+01
2.379395703804385960e+02 9.267495659215102322e+00
2.389737212087225089e+02 3.058273567540992133e+01
2.393031806470660570e+02 1.575474262066567377e+01
2.393749129849342978e+02 3.058273567540992133e+01
2.394992212225228059e+02 2.872923654356689482e+01
2.397164527626914037e+02 2.224198958211624699e+01
2.397164527626914037e+02 2.965598610948832814e+01
2.404042444832824970e+02 2.038849045027330220e+01
2.406190647827820044e+02 3.150948524133150741e+01
2.406794200201963747e+02 2.224198958211624699e+01
2.410089538133181293e+02 3.243623480725293717e+01
2.412997305402675465e+02 2.131524001619481368e+01
2.414643436321044305e+02 1.575474262066567377e+01
2.422745230908099074e+02 1.853499131843020464e+01
2.422745230908099074e+02 2.965598610948832814e+01
2.427590094762186652e+02 2.872923654356689482e+01
2.434648282939492390e+02 1.482799305474416407e+01
2.439889836993652921e+02 3.150948524133142925e+01
2.451535550035869448e+02 2.316873914803783308e+01
2.453554904382299355e+02 2.316873914803783308e+01
2.459385700971704125e+02 2.316873914803783308e+01
2.460919553687328118e+02 2.594898784580228579e+01
2.462724198455725855e+02 2.038849045027322404e+01
2.465026555321570925e+02 1.946174088435179428e+01
2.475118835771289980e+02 3.243623480725293717e+01
2.475579737991416209e+02 1.668149218658718524e+01
2.475809621731013124e+02 3.428973393909596012e+01
2.477168517874552265e+02 1.946174088435179428e+01
2.487002358470962236e+02 2.780248697764538690e+01
2.488376760885470560e+02 1.760824175250869317e+01
2.491150120268486887e+02 3.521648350501754265e+01
2.492438436701405635e+02 3.799673220278199892e+01
2.498321464782281112e+02 1.853499131843020464e+01
2.501241445694426204e+02 2.224198958211624699e+01
2.501241445694426204e+02 2.780248697764530874e+01
2.503022845583368792e+02 2.872923654356689482e+01
2.516627469428965753e+02 2.780248697764538690e+01
2.523254051429023832e+02 5.375147482344775085e+01
2.523254051429024400e+02 2.038849045027330220e+01
2.527961292978746428e+02 2.965598610948832814e+01
2.531497255629485608e+02 3.058273567540992133e+01
2.534820769534002807e+02 2.687573741172387543e+01
2.535203780885471474e+02 2.780248697764530874e+00
2.538181140612109630e+02 9.267495659215102544e-01
2.566012190835047022e+02 3.058273567540992133e+01
2.567305987962487848e+02 2.780248697764530874e+00
2.575524281688218480e+02 2.316873914803783308e+01
2.582871123392671961e+02 1.204774435697963320e+01
2.585522916479133073e+02 2.965598610948840985e+01
2.589966978871447623e+02 2.131524001619481368e+01
2.593921380479652044e+02 4.726422786199710657e+01
2.596512352089164892e+02 1.204774435697963320e+01
2.599871799333791387e+02 2.502223827988085603e+01
2.609077016599844114e+02 2.594898784580228579e+01
2.611568229747109626e+02 1.297449392290114289e+01
2.620221018791405072e+02 3.799673220278199892e+01
2.623923274940945589e+02 4.355722959831106067e+01
2.650970546020013785e+02 4.170373046646804482e+01
2.663508145355660304e+02 6.487246961450492400e+00
2.676916249955426110e+02 3.336298437317452681e+01
2.679673969077477409e+02 5.560497395529061748e+00
2.731887658835213983e+02 5.189797569160464974e+01
3.076965897281158391e+02 9.267495659215102544e-01
3.091311944903380891e+02 3.706998263686041017e+00
3.100038455173115608e+02 3.706998263686041017e+00
3.229282570532246268e+02 -0.000000000000000000e+00
