# data from file /Users/tpaneque/Documents/MAPS/imlup/IM_Lup_C18O_220GHz.robust_0.5.JvMcorr.image.fits
# parameters used:
# PA: 144.5
# inc: 47.5
# dist: 158.0 
# vsys: 4.5
# r[au] h[au]
5.453992689337163569e+01 -0.000000000000000000e+00
5.517546741063613780e+01 5.724308172584796850e+00
5.778462208620950236e+01 1.574184747460819267e+01
5.811907906776455235e+01 1.574184747460819267e+01
5.864964833656303966e+01 2.862154086292398425e+00
6.173890406396535724e+01 2.862154086292398425e+00
6.520250640136472953e+01 1.144861634516959370e+01
6.732154398602527579e+01 1.431077043146199212e+00
6.829983048736485785e+01 3.291477199236270224e+01
6.920078247923125048e+01 5.724308172584796850e+00
7.016213385164888905e+01 1.431077043146199124e+01
7.162432875127669263e+01 1.287969338831591593e+01
7.237774415908408798e+01 4.293231129438597193e+00
7.237774415908408798e+01 7.155385215730995618e+00
7.237774415908408798e+01 1.287969338831579158e+01
7.278747485710336207e+01 2.003507860404678809e+01
7.422882061120677122e+01 -0.000000000000000000e+00
7.445082712571625905e+01 1.431077043146077310e+00
7.652558060065591405e+01 1.287969338831579158e+01
7.677844286195508516e+01 1.287969338831579158e+01
7.686482216147824431e+01 1.001753930202351661e+01
7.964907368639696017e+01 1.431077043146199212e+00
8.144913826646306632e+01 2.862154086292398425e+00
8.182924062509586349e+01 -0.000000000000000000e+00
8.215994480564398827e+01 8.586462258877194387e+00
8.579161144422440088e+01 1.431077043146199212e+00
8.613958535677595307e+01 1.001753930202351661e+01
8.866766123333583494e+01 5.724308172584796850e+00
8.931140498261169114e+01 1.431077043146077310e+00
9.055413229207856318e+01 5.724308172584796850e+00
9.110973359712930630e+01 1.717292451775438877e+01
9.269856886376284422e+01 8.586462258877194387e+00
9.506584452305241939e+01 1.717292451775438877e+01
9.546977677259077666e+01 2.146615564719298774e+01
9.615976565188111636e+01 5.724308172584796850e+00
9.762569391107065542e+01 3.148369494921638534e+01
9.995177874371377413e+01 8.586462258877194387e+00
1.010886474632655592e+02 1.431077043146077310e+00
1.010962667114996520e+02 1.001753930202339404e+01
1.032176294751101722e+02 1.001753930202339404e+01
1.033727195499775888e+02 -0.000000000000000000e+00
1.044002405536273415e+02 1.431077043146199124e+01
1.047539731039694146e+02 1.431077043146199124e+01
1.051875932391375699e+02 1.431077043146199212e+00
1.061796396070611195e+02 1.431077043146199212e+00
1.067046903722459774e+02 -0.000000000000000000e+00
1.069962475374397428e+02 7.155385215730995618e+00
1.072294414479525813e+02 1.431077043146077310e+00
1.086322282298561817e+02 1.431077043146199212e+00
1.098232352848185229e+02 4.293231129438597193e+00
1.098575174752700292e+02 4.293231129438597193e+00
1.121231150434541917e+02 8.586462258877194387e+00
1.122850029765166511e+02 1.431077043146199124e+01
1.124672494774091405e+02 1.431077043146199124e+01
1.129554593219233993e+02 1.717292451775438877e+01
1.131534404561253950e+02 2.862154086292398425e+00
1.136682723779983064e+02 1.144861634516959370e+01
1.173296830375425941e+02 1.574184747460819267e+01
1.174184964572429379e+02 8.586462258877194387e+00
1.177575402168960608e+02 -0.000000000000000000e+00
1.180228140814393925e+02 4.293231129438597193e+00
1.180228140814393925e+02 7.155385215730995618e+00
1.186768870747212645e+02 7.155385215730995618e+00
1.214589510693400456e+02 1.431077043146199212e+00
1.223022828776316402e+02 5.724308172584796850e+00
1.226441701678585048e+02 1.001753930202339404e+01
1.234778081279307855e+02 5.724308172584796850e+00
1.237540007815380534e+02 5.724308172584796850e+00
1.237629903528876270e+02 2.575938677663158316e+01
1.257022121506644368e+02 1.001753930202339404e+01
1.262020936754047256e+02 5.724308172584796850e+00
1.270515982749365520e+02 1.431077043146077310e+00
1.285730808041427338e+02 2.146615564719310854e+01
1.288056452210957161e+02 1.431077043146077310e+00
1.290357371109403175e+02 2.719046381977790361e+01
1.298472531982532985e+02 1.431077043146199124e+01
1.301617770497520894e+02 1.001753930202339404e+01
1.305222805665839587e+02 2.289723269033918740e+01
1.306506926774130193e+02 7.155385215730995618e+00
1.314477068500248436e+02 2.719046381977790361e+01
1.314602641259724578e+02 5.724308172584796850e+00
1.315367721251223827e+02 4.293231129438597193e+00
1.316608825132508969e+02 5.724308172584796850e+00
1.322881595549806377e+02 2.146615564719310854e+01
1.326207347049450220e+02 2.862154086292398425e+00
1.336033309520081218e+02 3.005261790607030647e+01
1.337780892327049571e+02 1.144861634516959370e+01
1.340315115252239195e+02 1.144861634516959370e+01
1.343663856748539729e+02 1.860400156090058843e+01
1.345144616468845697e+02 1.001753930202339404e+01
1.345280541829121717e+02 3.148369494921638534e+01
1.348309025308526827e+02 5.724308172584796850e+00
1.355067309982536017e+02 7.155385215730995618e+00
1.363078904882977440e+02 7.155385215730995618e+00
1.367934155316361284e+02 8.586462258877194387e+00
1.368052417822503628e+02 5.724308172584796850e+00
1.370346924123797692e+02 2.862154086292398425e+00
1.372826063573414785e+02 1.001753930202339404e+01
1.379416988624722364e+02 1.431077043146199124e+01
1.381977039772165199e+02 4.293231129438597193e+00
1.383022364083731475e+02 1.431077043146199212e+00
1.384015649584625010e+02 1.144861634516959370e+01
1.386009705209568494e+02 1.001753930202339404e+01
1.386207751724319053e+02 1.001753930202339404e+01
1.397198193118138363e+02 2.146615564719298774e+01
1.400488127501546956e+02 5.724308172584796850e+00
1.402532925553938981e+02 1.287969338831579158e+01
1.408909437201419053e+02 4.293231129438597193e+00
1.411174950033494895e+02 2.003507860404678809e+01
1.411198856171030513e+02 3.434584903550877755e+01
1.429487329389527304e+02 7.155385215730995618e+00
1.433467857494685234e+02 5.724308172584796850e+00
1.441786947979108788e+02 -0.000000000000000000e+00
1.461577411630113090e+02 1.287969338831579158e+01
1.469814664371887716e+02 5.724308172584796850e+00
1.472612205486622372e+02 8.586462258877194387e+00
1.474788229221045981e+02 1.431077043146199212e+00
1.476375254682367313e+02 1.001753930202339404e+01
1.480647693451937528e+02 3.148369494921638534e+01
1.491321370366698602e+02 1.001753930202339404e+01
1.505946185295895248e+02 1.287969338831579158e+01
1.507144787863765885e+02 1.431077043146199124e+01
1.507639598594696793e+02 2.289723269033918740e+01
1.514973339219983188e+02 7.155385215730995618e+00
1.521656462007734945e+02 8.586462258877194387e+00
1.536924267470754160e+02 2.289723269033918740e+01
1.538427509276961302e+02 2.289723269033918740e+01
1.538427509276961302e+02 3.148369494921638534e+01
1.546712603487255251e+02 1.717292451775438877e+01
1.547391535437987216e+02 1.574184747460831346e+01
1.549572689479996654e+02 1.717292451775438877e+01
1.554779860726521008e+02 2.146615564719298774e+01
1.555658616311016260e+02 2.432830973348550785e+01
1.558816517496356653e+02 1.001753930202339404e+01
1.564293841557129667e+02 2.003507860404678809e+01
1.576548709184471306e+02 1.860400156090070922e+01
1.590314235209827984e+02 1.144861634516959370e+01
1.590605215503434806e+02 -0.000000000000000000e+00
1.594678340106685539e+02 1.287969338831579158e+01
1.602110749109409937e+02 2.146615564719310854e+01
1.608445974506721257e+02 1.860400156090058843e+01
1.613639503367238888e+02 1.431077043146199212e+00
1.615208708455888882e+02 4.293231129438597193e+00
1.625581525791564559e+02 2.146615564719310854e+01
1.627449597786808511e+02 1.717292451775438877e+01
1.629865237074224353e+02 5.724308172584796850e+00
1.632414216382464645e+02 1.144861634516959370e+01
1.636467153556405378e+02 1.431077043146077310e+00
1.638240934994599627e+02 7.155385215730995618e+00
1.638240934994599627e+02 2.146615564719310854e+01
1.649722409922067072e+02 1.001753930202339404e+01
1.657023744851888694e+02 1.717292451775438877e+01
1.659697018452530131e+02 4.293231129438597193e+00
1.660333214268476354e+02 2.146615564719310854e+01
1.666782272674286105e+02 1.431077043146199212e+00
1.667204036680054458e+02 1.574184747460819267e+01
1.672814253853462390e+02 2.719046381977790361e+01
1.686867938231593200e+02 1.001753930202339404e+01
1.687554556111882391e+02 1.431077043146199124e+01
1.695222962056364793e+02 7.155385215730995618e+00
1.701893850708294451e+02 1.001753930202339404e+01
1.708591384795689407e+02 1.860400156090058843e+01
1.712315457089158883e+02 1.001753930202339404e+01
1.713657457682161578e+02 1.431077043146199124e+01
1.720287379871193707e+02 8.586462258877194387e+00
1.724887986927277552e+02 7.155385215730995618e+00
1.731261220477682627e+02 3.434584903550877755e+01
1.761225492513024449e+02 1.001753930202339404e+01
1.762311738897370503e+02 2.719046381977790361e+01
1.777106982124981585e+02 1.001753930202351661e+01
1.782828032877887665e+02 1.431077043146199124e+01
1.801189822110754335e+02 1.001753930202339404e+01
1.809820256143256074e+02 1.717292451775438877e+01
1.820429802436144939e+02 5.724308172584796850e+00
1.828710003172901963e+02 1.001753930202351661e+01
1.833108087526669010e+02 1.431077043146077310e+00
1.840628074953918656e+02 5.724308172584796850e+00
1.850033763599588781e+02 4.436338833753229949e+01
1.859045761787450886e+02 7.155385215730995618e+00
1.859361249051881089e+02 3.577692607865510155e+01
1.869361595322793050e+02 1.287969338831579158e+01
1.870911340492629620e+02 8.586462258877194387e+00
1.886285319930063622e+02 1.431077043146199124e+01
1.897538938209208652e+02 3.577692607865510155e+01
1.918063264043328218e+02 5.294985059640949032e+01
1.918346652985898118e+02 1.144861634516959370e+01
1.925029522417648877e+02 3.434584903550877755e+01
1.939980865624825412e+02 1.431077043146199124e+01
1.958900072266172288e+02 1.431077043146199124e+01
1.960502520559458333e+02 7.155385215730995618e+00
2.006011310613677665e+02 5.008769651011709101e+01
2.030185871002713327e+02 1.717292451775438877e+01
2.055899604070484372e+02 4.007015720809369697e+01
2.057740530120641722e+02 2.862154086292398425e+00
2.073828277033282745e+02 4.436338833753229949e+01
2.094504122152019079e+02 4.865661946697089490e+01
2.111663188898076839e+02 5.294985059640949032e+01
2.118304502150321014e+02 1.431077043146199124e+01
2.121791391057705027e+02 3.577692607865510155e+01
2.127852643582967573e+02 5.008769651011709101e+01
2.135390082176177486e+02 4.293231129438476401e+00
2.137945107510311971e+02 5.294985059640949032e+01
2.140963041459720557e+02 4.293231129438597193e+00
2.142019608571398805e+02 4.865661946697089490e+01
2.148659010338211317e+02 4.293231129438597549e+01
2.150359224838991565e+02 5.294985059640949032e+01
2.161497797221417443e+02 2.719046381977790361e+01
2.163502569683385843e+02 7.441600624360260952e+01
2.202978720482955453e+02 5.724308172584796850e+00
2.206429510429629488e+02 1.431077043146199124e+01
2.210266757341211132e+02 3.577692607865510155e+01
2.216223051502365706e+02 1.431077043146199124e+01
2.217071242245764608e+02 4.293231129438597193e+00
2.230105764636854246e+02 3.434584903550877755e+01
2.233499980257831794e+02 3.148369494921638534e+01
2.234772107469093214e+02 5.151877355326328711e+01
2.245436288055163914e+02 6.296738989843288437e+01
2.247181708847545281e+02 4.865661946697089490e+01
2.262931360868014394e+02 1.574184747460819267e+01
2.265115562563116214e+02 1.001753930202339404e+01
2.272240018771898065e+02 1.860400156090070922e+01
2.273365447559967265e+02 1.431077043146199124e+01
2.283645126351290742e+02 5.294985059640949032e+01
2.288176607138825034e+02 4.007015720809369697e+01
2.290744419182702245e+02 4.150123425123989307e+01
2.297803088047099607e+02 4.722554242382469880e+01
2.303653290381530780e+02 5.008769651011709101e+01
2.304247325935898516e+02 5.294985059640949032e+01
2.306107957374195792e+02 1.001753930202339404e+01
2.308732381387483201e+02 6.153631285528668826e+01
2.315515330185313871e+02 5.294985059640949032e+01
2.316812041158808313e+02 2.432830973348550785e+01
2.318200458778710527e+02 3.148369494921638534e+01
2.321524643910456973e+02 1.860400156090058843e+01
2.336624602135607063e+02 5.438092763955569353e+01
2.340153442582403898e+02 8.586462258877194387e+00
2.343443672645555012e+02 3.863908016494750086e+01
2.347043110696729684e+02 4.722554242382469880e+01
2.359337447815268547e+02 5.438092763955580722e+01
2.372821849577477451e+02 6.869169807101781089e+01
2.396601648191893332e+02 3.863908016494750086e+01
2.396888953603602772e+02 4.722554242382469880e+01
2.397441147803771173e+02 5.438092763955569353e+01
2.399558743349687688e+02 3.863908016494750086e+01
2.401510077819648075e+02 2.862154086292398247e+01
2.404096421501861585e+02 4.579446538067837480e+01
2.425710419811986185e+02 6.582954398472540447e+01
2.426499022331974231e+02 5.581200468270188964e+01
2.433700351821711649e+02 4.007015720809369697e+01
2.443998372054836921e+02 3.148369494921638534e+01
2.449620169638641585e+02 4.293231129438597549e+01
2.450188489438617978e+02 3.863908016494750086e+01
2.454170766605224401e+02 5.151877355326328711e+01
2.454170766605224401e+02 5.151877355326328711e+01
2.457317188397950076e+02 6.010523581214048505e+01
2.458428717740231946e+02 3.577692607865510155e+01
2.462085122282705925e+02 6.010523581214061295e+01
2.465040107293854987e+02 3.863908016494750086e+01
2.480642319234075046e+02 3.577692607865510155e+01
2.488935984955150786e+02 3.577692607865510155e+01
2.494152929899410367e+02 6.296738989843300516e+01
2.521259114870014173e+02 3.863908016494750086e+01
2.531514960051245851e+02 3.434584903550877755e+01
2.535727148964182902e+02 3.148369494921638534e+01
2.558441899301615763e+02 4.865661946697089490e+01
2.568750603989768138e+02 6.869169807101768299e+01
2.598656477214042866e+02 8.729569963191828208e+01
2.605656777329589886e+02 4.293231129438609628e+01
2.609420910682042631e+02 3.005261790607030647e+01
2.610430862001127252e+02 7.012277511416388620e+01
2.618821214412769791e+02 5.294985059640949032e+01
2.620563627133154228e+02 6.726062102787147978e+01
2.626291751883068173e+02 5.581200468270188964e+01
2.626291751883068173e+02 7.298492920045627841e+01
2.628148319570628360e+02 7.012277511416388620e+01
2.658721809961715508e+02 3.005261790607030647e+01
2.668206314569185906e+02 7.298492920045627841e+01
2.669391810225957897e+02 7.012277511416388620e+01
2.679342149478349029e+02 3.577692607865510155e+01
2.679377712245014891e+02 5.438092763955569353e+01
2.682516978829668801e+02 5.867415876899429605e+01
2.709410473314616752e+02 -0.000000000000000000e+00
2.713108914669779210e+02 6.439846694157908757e+01
2.716440522221733431e+02 7.298492920045627841e+01
2.722945733643538233e+02 5.294985059640949032e+01
2.727177934462275743e+02 6.726062102787147978e+01
2.728324774139375677e+02 7.012277511416388620e+01
2.736104835645006688e+02 1.431077043146199124e+01
2.745652127146830708e+02 -0.000000000000000000e+00
2.747891466716217792e+02 6.439846694157908757e+01
2.770941968503909720e+02 6.582954398472540447e+01
2.774876842208093990e+02 7.441600624360260952e+01
2.776958557883226604e+02 8.872677667506459898e+01
2.783155343007160809e+02 5.438092763955569353e+01
2.790547953379970636e+02 2.719046381977790361e+01
2.799127431462324580e+02 7.155385215731007520e+01
2.800801916377110388e+02 4.865661946697089490e+01
2.811309859419956183e+02 5.008769651011709101e+01
2.811592250551785241e+02 6.582954398472540447e+01
2.823432964218135908e+02 5.438092763955569353e+01
2.829539075683744045e+02 6.582954398472529078e+01
2.834685264631145287e+02 1.130550864085501104e+02
2.843854232234674555e+02 5.294985059640949032e+01
2.860983740165218592e+02 5.867415876899429605e+01
2.869058709245073828e+02 5.438092763955569353e+01
2.911676536901861141e+02 4.436338833753229949e+01
2.912682086529558774e+02 6.439846694157908757e+01
2.916477312395690547e+02 5.724308172584809284e+01
2.920783454577215252e+02 4.150123425123989307e+01
2.923431367159195702e+02 5.724308172584809284e+01
2.946631236964691993e+02 5.581200468270188964e+01
2.946901718488620077e+02 6.153631285528668826e+01
2.956342047511241162e+02 6.582954398472540447e+01
2.959457520115172997e+02 5.724308172584796495e+01
2.965461917676967118e+02 3.863908016494750086e+01
2.974537779521279504e+02 5.294985059640949032e+01
2.981211283063256019e+02 5.438092763955569353e+01
2.987486813717177938e+02 5.724308172584796495e+01
2.999139753910864670e+02 4.436338833753229949e+01
3.008978763367894658e+02 4.007015720809357617e+01
3.011278392208714649e+02 7.727816032989500172e+01
3.017581875450536018e+02 4.865661946697077411e+01
3.019409496546502396e+02 4.007015720809357617e+01
3.023175801622735435e+02 5.438092763955569353e+01
3.029946678439966377e+02 4.007015720809357617e+01
3.050618302789178529e+02 9.302000780450332229e+01
3.065830409722409513e+02 5.438092763955569353e+01
3.075903302995482136e+02 5.581200468270188964e+01
3.100709915169813939e+02 6.153631285528668826e+01
3.127741998563561197e+02 6.439846694157908757e+01
3.141600164384107643e+02 5.867415876899429605e+01
3.148412234029422621e+02 6.010523581214048505e+01
3.159356841944738221e+02 6.439846694157908757e+01
3.163313953124859950e+02 5.724308172584809284e+01
3.168989457735665383e+02 6.439846694157908757e+01
3.217195415277780626e+02 5.724308172584809284e+01
3.232081356508663248e+02 6.869169807101768299e+01
3.246181329956333457e+02 6.582954398472529078e+01
3.275436368569647243e+02 7.441600624360260952e+01
3.276984637892349497e+02 5.867415876899429605e+01
3.309631383482107481e+02 3.577692607865510155e+01
3.321105177873741354e+02 7.584708328674879851e+01
3.393784789442100873e+02 8.014031441618739393e+01
