# data from file /Users/tpaneque/Documents/MAPS/hd163296/HD_163296_H2CO_220GHz.0.3arcsec.JvMcorr.image.fits
# parameters used:
# PA: -133.3
# inc: 46.7
# dist: 101.0 
# vsys: 8.059
# r[au] h[au]
5.449036892151901412e+01 1.113949832014701258e+01
5.766039947797445109e+01 7.426332213431341422e+00
5.920983455640018889e+01 7.426332213431341422e+00
5.968541914935408954e+01 7.426332213431341422e+00
6.107490044066160095e+01 3.713166106715670711e+00
6.107490044066160095e+01 1.113949832014701258e+01
6.156707245421279140e+01 3.713166106715670711e+00
6.156707245421280561e+01 -0.000000000000000000e+00
6.302053039144445989e+01 -0.000000000000000000e+00
6.304505851939262584e+01 1.856583053357835356e+00
6.352196746369875768e+01 1.856583053357835356e+00
6.428789247398675855e+01 1.856583053357835356e+00
6.493168094771526455e+01 1.856583053357835356e+00
6.493168094771526455e+01 1.856583053357835356e+00
6.501015054001391036e+01 7.426332213431341422e+00
6.537118619504153116e+01 1.485266442686268284e+01
6.537118619504153116e+01 1.485266442686268284e+01
6.721553335668549778e+01 1.856583053357835356e+00
6.852677295601856144e+01 -0.000000000000000000e+00
6.852677295601856144e+01 1.485266442686268284e+01
6.876397463483951356e+01 5.569749160073506289e+00
7.028836711464160203e+01 1.856583053357835356e+00
7.028836711464160203e+01 1.299608137350484682e+01
7.092452989839739530e+01 5.569749160073506289e+00
7.092452989839739530e+01 5.569749160073506289e+00
7.092569083431673960e+01 1.856583053357835356e+00
7.206076281326699018e+01 7.426332213431341422e+00
7.238209124138221284e+01 3.713166106715670711e+00
7.238209124138221284e+01 1.113949832014701258e+01
7.465723100299889836e+01 1.856583053357835356e+00
7.527525923243592842e+01 1.856583053357835356e+00
7.607441456866686735e+01 7.426332213431341422e+00
7.653138774035099345e+01 -0.000000000000000000e+00
7.683187845339307387e+01 3.713166106715670711e+00
7.683187845339307387e+01 1.113949832014701258e+01
7.743425656153520720e+01 9.282915266789176556e+00
7.743425656153520720e+01 9.282915266789176556e+00
7.880632314924082493e+01 1.670924748022051887e+01
7.918836729626475801e+01 1.670924748022051887e+01
7.924380061987737633e+01 3.713166106715670711e+00
8.160903444741178703e+01 5.569749160073506289e+00
8.160903444741178703e+01 1.670924748022051887e+01
8.177915293257362350e+01 3.713166106715670711e+00
8.180911167558801367e+01 7.426332213431341422e+00
8.288287766886246288e+01 2.970532885372536569e+01
8.326082989164942205e+01 1.299608137350484682e+01
8.442429338128931704e+01 7.426332213431341422e+00
8.487312709665717136e+01 1.856583053357835356e+00
8.609773476335880105e+01 7.426332213431341422e+00
8.628283033797131907e+01 9.282915266789176556e+00
8.628283033797131907e+01 2.042241358693618736e+01
8.652629006027085268e+01 3.713166106715670711e+00
8.652629006027085268e+01 1.113949832014701258e+01
8.713922225698773616e+01 -0.000000000000000000e+00
8.785708194461840037e+01 7.426332213431341422e+00
8.819247748948494348e+01 1.299608137350484682e+01
8.853123739917802482e+01 1.856583053357835356e+00
8.865711354289595647e+01 1.856583053357835311e+01
8.899688044253859687e+01 1.856583053357835311e+01
9.094773872552538307e+01 3.713166106715670711e+00
9.137910599428396097e+01 2.784874580036753144e+01
9.141132306882249736e+01 1.856583053357835356e+00
9.155657953451915887e+01 1.856583053357835356e+00
9.194969357514142416e+01 9.282915266789176556e+00
9.198938231692501688e+01 1.113949832014701258e+01
9.198938231692501688e+01 1.113949832014701258e+01
9.253434710109327455e+01 1.856583053357835356e+00
9.284061692075978556e+01 -0.000000000000000000e+00
9.284061692075978556e+01 -0.000000000000000000e+00
9.389210709157075030e+01 1.856583053357835311e+01
9.394604265048602088e+01 1.856583053357835311e+01
9.413544844146211688e+01 1.856583053357835311e+01
9.548577123227734376e+01 7.426332213431341422e+00
9.730374912925528008e+01 1.856583053357835356e+00
9.730374912925528008e+01 1.299608137350484682e+01
9.767001444047156156e+01 1.299608137350484682e+01
9.860185611954373996e+01 1.670924748022051887e+01
9.882427909371733676e+01 -0.000000000000000000e+00
9.963726213782088337e+01 1.299608137350484682e+01
1.003670123099145997e+02 2.042241358693618736e+01
1.024409863740271192e+02 1.299608137350484682e+01
1.032936701153646197e+02 1.856583053357835356e+00
1.040603673064251069e+02 3.713166106715670711e+00
1.040603673064251069e+02 1.485266442686268284e+01
1.040603673064251069e+02 1.485266442686268284e+01
1.050661045301548029e+02 1.670924748022051887e+01
1.054325506719625309e+02 1.299608137350484682e+01
1.063761523155861397e+02 1.299608137350484682e+01
1.066718406725833859e+02 3.527507801379887553e+01
1.068366819307087496e+02 7.426332213431341422e+00
1.072032203721011996e+02 1.485266442686268284e+01
1.078935293585731330e+02 1.856583053357835356e+00
1.083286215634132503e+02 1.670924748022051887e+01
1.092698079860070095e+02 7.426332213431341422e+00
1.108026297785462901e+02 1.113949832014701258e+01
1.123275538101266875e+02 3.713166106715670711e+00
1.125550171394931454e+02 9.282915266789176556e+00
1.132471167408152155e+02 1.299608137350484682e+01
1.142520342789546106e+02 1.856583053357835311e+01
1.161529798523123986e+02 1.299608137350484682e+01
1.170229489017867337e+02 1.299608137350484682e+01
1.172732912725464018e+02 2.970532885372536569e+01
1.179601658179035581e+02 -0.000000000000000000e+00
1.183460228318418217e+02 3.713166106715670711e+00
1.190616621911253219e+02 1.856583053357835356e+00
1.194830826362627363e+02 1.299608137350484682e+01
1.198279533003352952e+02 5.569749160073506289e+00
1.208016714468939767e+02 1.299608137350484682e+01
1.217304514238697664e+02 1.299608137350484682e+01
1.219584334131856025e+02 9.282915266789176556e+00
1.224189326242828599e+02 2.599216274700969365e+01
1.245584392514368659e+02 3.713166106715670711e+00
1.247432925089237585e+02 -0.000000000000000000e+00
1.249188025425437729e+02 1.113949832014701258e+01
1.265194246044640352e+02 3.713166106715670711e+00
1.265508959880913409e+02 5.569749160073506289e+00
1.266315768897672456e+02 1.299608137350484682e+01
1.289310316856343945e+02 -0.000000000000000000e+00
1.304032649473913352e+02 1.856583053357835356e+00
1.306204132601929757e+02 1.299608137350484682e+01
1.309372000268986653e+02 3.713166106715670711e+00
1.335536703741113342e+02 1.856583053357835356e+00
1.339652177665781494e+02 5.569749160073506289e+00
1.348688454365081100e+02 5.755407465409274437e+01
1.372790710931230080e+02 -0.000000000000000000e+00
1.375978915739008812e+02 -0.000000000000000000e+00
1.385193637430966191e+02 9.282915266789176556e+00
1.390409408431532086e+02 1.485266442686268284e+01
1.395887147318654229e+02 7.426332213431341422e+00
1.395887147318654229e+02 7.426332213431341422e+00
1.414552118277619854e+02 2.413557969365185940e+01
1.441215256265342362e+02 1.856583053357835356e+00
1.470043276096222939e+02 7.426332213431341422e+00
1.471407844318893581e+02 3.713166106715670711e+00
1.474680341646001978e+02 2.227899664029402516e+01
1.476296561647815508e+02 2.042241358693618736e+01
1.481303704071081597e+02 1.113949832014701258e+01
1.489753636140613366e+02 1.113949832014701258e+01
1.493766808552607870e+02 1.485266442686268284e+01
1.495888183693847395e+02 5.198432549401938729e+01
1.499158671715323692e+02 2.413557969365185940e+01
1.503331655491574566e+02 9.282915266789176556e+00
1.507777943278001089e+02 7.426332213431341422e+00
1.513299355483260911e+02 3.713166106715670711e+00
1.518233095253568763e+02 1.856583053357835356e+00
1.521023434254700533e+02 1.485266442686268284e+01
1.538366169949276525e+02 1.670924748022051887e+01
1.554298348827553298e+02 5.755407465409274437e+01
1.561903679015438513e+02 1.856583053357835356e+00
1.565759400039213460e+02 7.426332213431341422e+00
1.567831629955830977e+02 4.641457633394572468e+01
1.569845423733135874e+02 1.113949832014701258e+01
1.577599076032512357e+02 9.282915266789176556e+00
1.584026843034389742e+02 7.426332213431341422e+00
1.587147103678931330e+02 5.569749160073489946e+01
1.598381785219375786e+02 2.970532885372536569e+01
1.600089103380323934e+02 1.856583053357835311e+01
1.605222206233912630e+02 2.042241358693618736e+01
1.605727401203839975e+02 7.426332213431341422e+00
1.613028133560608524e+02 7.426332213431341422e+00
1.616048651133525880e+02 1.113949832014701258e+01
1.643616146064844656e+02 2.413557969365185940e+01
1.646332486586528603e+02 2.599216274700969365e+01
1.646478471077097936e+02 1.299608137350484682e+01
1.661577062520141226e+02 5.012774244066139318e+01
1.662081709692514835e+02 3.713166106715670711e+00
1.664154380996263569e+02 1.856583053357835311e+01
1.664675293316615807e+02 9.282915266789018460e+00
1.665216597832990146e+02 1.670924748022051887e+01
1.667316186682742796e+02 2.413557969365185940e+01
1.669566475527751095e+02 1.113949832014701258e+01
1.670412694360491059e+02 5.198432549401938729e+01
1.672970706602950202e+02 1.113949832014701258e+01
1.674047775958325417e+02 1.113949832014701258e+01
1.675938087488651718e+02 5.569749160073489946e+01
1.685952485790399749e+02 2.970532885372536569e+01
1.685952485790399749e+02 5.198432549401923097e+01
1.686883833763562279e+02 5.012774244066139318e+01
1.689937682615208701e+02 2.413557969365170308e+01
1.694250479265870410e+02 3.527507801379871211e+01
1.700376576886367275e+02 1.856583053357835311e+01
1.710406432958964160e+02 2.599216274700969365e+01
1.710406432958965297e+02 -0.000000000000000000e+00
1.710406432958965297e+02 3.713166106715670711e+00
1.710577501416843234e+02 1.856583053357835356e+00
1.716065490481810230e+02 1.856583053357835311e+01
1.716972062457804782e+02 9.282915266789176556e+00
1.724798472318372262e+02 1.299608137350484682e+01
1.746113586653378604e+02 2.413557969365170308e+01
1.747156043168430415e+02 2.970532885372536569e+01
1.757209177866041330e+02 2.413557969365185940e+01
1.760729650436825295e+02 2.227899664029402516e+01
1.760834152176046246e+02 1.485266442686268284e+01
1.760834152176047667e+02 1.113949832014701258e+01
1.763798121964557311e+02 -0.000000000000000000e+00
1.763798121964557311e+02 3.713166106715670711e+00
1.770624747983561917e+02 1.670924748022051887e+01
1.773590120490515005e+02 3.527507801379871211e+01
1.776725546031899228e+02 2.784874580036753144e+01
1.785706027139577543e+02 1.113949832014701258e+01
1.792914410378345735e+02 2.413557969365185940e+01
1.799024387405974039e+02 1.299608137350484682e+01
1.805945448523246455e+02 9.282915266789176556e+00
1.821795203324613794e+02 1.299608137350484682e+01
1.827582119885680356e+02 1.856583053357835356e+00
1.841782114754631436e+02 1.670924748022051887e+01
1.842898734304763479e+02 1.299608137350484682e+01
1.852454718654716430e+02 2.599216274700969365e+01
1.852454718654716430e+02 4.827115938730356248e+01
1.861182863091539161e+02 9.282915266789176556e+00
1.871340671280143795e+02 7.426332213431341422e+00
1.878920853009720702e+02 2.413557969365185940e+01
1.917171000582218880e+02 1.856583053357835311e+01
1.923826143976521905e+02 7.426332213431341422e+00
1.937069312518762843e+02 1.856583053357835311e+01
1.938788932973736507e+02 3.527507801379871211e+01
1.946074982585106738e+02 2.784874580036737157e+01
1.947565281073313770e+02 2.042241358693618736e+01
1.947565281073314907e+02 3.898824412051438770e+01
1.958590925939870147e+02 2.227899664029402516e+01
1.977971270230445100e+02 7.426332213431341422e+00
1.991998310642933916e+02 2.784874580036753144e+01
2.006744430382286453e+02 1.856583053357835311e+01
2.008009560912229006e+02 4.084482717387237471e+01
2.031021349068281268e+02 -0.000000000000000000e+00
2.034956639117032182e+02 1.113949832014701258e+01
2.038424932273826187e+02 3.156191190708304362e+01
2.038836305228272465e+02 2.227899664029402516e+01
2.057532948078710717e+02 1.856583053357835311e+01
2.059771313248966749e+02 5.569749160073506289e+00
2.061986787776476433e+02 2.784874580036737157e+01
2.089445973673662138e+02 1.113949832014701258e+01
2.092182859468325660e+02 7.426332213431341422e+00
2.096989182755867205e+02 1.113949832014701258e+01
2.098650366586506664e+02 1.485266442686268284e+01
2.102002011389742222e+02 1.856583053357835311e+01
2.108831725468312186e+02 1.856583053357835356e+00
2.123991898282728812e+02 9.282915266789176556e+00
2.132799011585685207e+02 1.485266442686268284e+01
2.154864786107752366e+02 1.299608137350484682e+01
2.159603072830652195e+02 2.599216274700969365e+01
2.159603072830652764e+02 1.485266442686268284e+01
2.181764180068584267e+02 1.113949832014701258e+01
2.190455107032432522e+02 3.713166106715670711e+00
2.209748495938306689e+02 7.426332213431341422e+00
2.209951456154776110e+02 1.299608137350484682e+01
2.210987307437544303e+02 1.299608137350484682e+01
2.212152644744220424e+02 7.426332213431341422e+00
2.227452799413414937e+02 9.282915266789176556e+00
2.229091276300518700e+02 1.299608137350484682e+01
2.230460452805986904e+02 1.670924748022051887e+01
2.233182757905456981e+02 3.713166106715670711e+00
2.257219590975344659e+02 2.784874580036737157e+01
2.258442156197326653e+02 -0.000000000000000000e+00
2.266717361531897836e+02 3.713166106715670711e+00
2.277033481653978697e+02 9.282915266789176556e+00
2.281507293648274413e+02 1.299608137350469050e+01
2.284047684706582402e+02 1.113949832014701258e+01
2.292069901008711952e+02 7.426332213431341422e+00
2.292984019550479786e+02 1.299608137350484682e+01
2.302227643443288798e+02 1.856583053357835356e+00
2.309170122637651161e+02 1.485266442686268284e+01
2.319210368118219208e+02 5.569749160073506289e+00
2.319769315338393767e+02 1.856583053357835356e+00
2.322352095160614454e+02 3.713166106715670711e+00
2.323059597046245983e+02 1.299608137350484682e+01
2.330039187447466134e+02 -0.000000000000000000e+00
2.342859817278399817e+02 7.426332213431341422e+00
2.350471155835754757e+02 1.113949832014701258e+01
2.366294513616282131e+02 5.569749160073506289e+00
2.371909403020245009e+02 1.670924748022035899e+01
2.392879036925882303e+02 1.113949832014701258e+01
2.395093318656828956e+02 7.426332213431341422e+00
2.396559066006705905e+02 1.856583053357835356e+00
2.402408580419980524e+02 7.426332213431341422e+00
2.421226746510304224e+02 -0.000000000000000000e+00
2.435548523323169547e+02 1.299608137350484682e+01
2.437393985176798878e+02 7.426332213431341422e+00
2.463584313851256979e+02 1.113949832014701258e+01
2.464467948995551296e+02 -0.000000000000000000e+00
2.467129202205173613e+02 1.670924748022051887e+01
2.478356798353721047e+02 1.299608137350484682e+01
2.484323103165412761e+02 1.485266442686268284e+01
2.485279235673114044e+02 3.713166106715670711e+00
2.497012939974921437e+02 1.856583053357835311e+01
2.509369995553647925e+02 2.227899664029402516e+01
2.521124484272230859e+02 -0.000000000000000000e+00
2.527791981473735348e+02 1.299608137350484682e+01
2.541092916596680595e+02 9.282915266789176556e+00
2.549251122550992079e+02 1.856583053357835356e+00
2.570339641136030764e+02 -0.000000000000000000e+00
2.579212540550900599e+02 1.856583053357835356e+00
2.600529508646356476e+02 9.282915266789176556e+00
2.601137280566684353e+02 2.413557969365185940e+01
2.614847447801662383e+02 3.156191190708319994e+01
2.616336931147758378e+02 1.113949832014701258e+01
2.629941574313165233e+02 2.413557969365185940e+01
2.632971524119025162e+02 1.856583053357835356e+00
2.634634073135258063e+02 2.970532885372536569e+01
2.636261113822320681e+02 5.569749160073506289e+00
2.638674533423346134e+02 3.713166106715670711e+00
2.643544881809040135e+02 3.156191190708319994e+01
2.644026412265167210e+02 2.599216274700969365e+01
2.650674475312399068e+02 1.485266442686268284e+01
2.653182507773509542e+02 2.599216274700969365e+01
2.654809305216480197e+02 1.670924748022051887e+01
2.655937121975342166e+02 1.299608137350484682e+01
2.656206031886197252e+02 2.970532885372536569e+01
2.659815207496442895e+02 2.784874580036737157e+01
2.668281271278901841e+02 1.856583053357835356e+00
2.673949333930821126e+02 7.426332213431341422e+00
2.683705044605821399e+02 1.670924748022051887e+01
2.693016122810186630e+02 -0.000000000000000000e+00
2.695309043365092521e+02 7.426332213431341422e+00
2.696952920562289933e+02 1.485266442686268284e+01
2.729263285353353581e+02 1.299608137350484682e+01
2.736184430046918123e+02 9.282915266789176556e+00
2.748521996079113592e+02 5.569749160073506289e+00
2.753810882542258014e+02 1.856583053357835311e+01
2.767238960289169540e+02 3.527507801379871211e+01
2.777911034715637015e+02 -0.000000000000000000e+00
2.785442004966996592e+02 1.856583053357835356e+00
2.793694934507061021e+02 2.227899664029402516e+01
2.806964800113697720e+02 1.670924748022051887e+01
2.811296390379294508e+02 1.856583053357835311e+01
2.812415168732719053e+02 3.713166106715670711e+00
2.814382001337129395e+02 7.426332213431341422e+00
2.814849295511209561e+02 3.341849496044103773e+01
2.819238577627700693e+02 2.413557969365185940e+01
2.827645945460245116e+02 1.856583053357835356e+00
2.829169275748088239e+02 4.641457633394572468e+01
2.837681777824797678e+02 3.341849496044103773e+01
2.865876917613369983e+02 2.970532885372536569e+01
2.868772867295732567e+02 -0.000000000000000000e+00
2.869733890391273690e+02 2.970532885372536569e+01
2.869997468635594373e+02 3.713166106715670711e+00
2.888905121684267669e+02 2.042241358693618736e+01
2.905818259350453445e+02 5.569749160073506289e+00
2.908627300802853597e+02 2.413557969365170308e+01
2.911926738614051260e+02 7.426332213431341422e+00
2.916682955121430609e+02 7.426332213431341422e+00
2.922240494700933482e+02 1.856583053357835356e+00
2.927178955927714696e+02 2.227899664029402516e+01
2.928569398153946963e+02 1.299608137350484682e+01
2.933158597939955712e+02 3.713166106715670711e+00
2.941694594046781503e+02 2.413557969365170308e+01
2.941694594046781503e+02 2.413557969365170308e+01
2.948881197732356441e+02 5.569749160073506289e+00
2.952470417135525054e+02 1.856583053357835356e+00
2.954467076375805732e+02 1.856583053357835311e+01
2.956114279140973053e+02 1.856583053357835311e+01
2.959166049182706502e+02 7.426332213431341422e+00
2.973232508450158775e+02 4.084482717387221840e+01
2.976944541294930673e+02 2.784874580036737157e+01
2.984270957467707603e+02 3.713166106715670711e+00
2.991551816290203760e+02 2.042241358693618736e+01
2.992428906891188944e+02 1.856583053357835356e+00
2.995698832508380747e+02 3.898824412051438770e+01
3.014300570095918488e+02 1.299608137350484682e+01
3.035410017771502567e+02 1.113949832014701258e+01
3.036723789999492737e+02 3.156191190708319994e+01
3.050206773164188121e+02 2.970532885372536569e+01
3.051717121476135617e+02 5.569749160073506289e+00
3.073122419346417473e+02 2.413557969365185940e+01
3.079162783575237086e+02 3.156191190708319994e+01
3.079377586991012663e+02 1.856583053357835311e+01
3.095258909645198742e+02 4.455799328058805031e+01
3.096394905630762651e+02 2.042241358693618736e+01
3.102142835475817151e+02 1.299608137350484682e+01
3.106820925988562863e+02 7.426332213431341422e+00
3.111918270705986060e+02 7.426332213431341422e+00
3.112653973483567142e+02 1.856583053357835311e+01
3.113771166475305563e+02 6.312382381416624355e+01
3.136410055742873624e+02 4.641457633394572468e+01
3.137065894181546923e+02 3.156191190708304362e+01
3.159943274351045375e+02 2.970532885372536569e+01
3.167439368810829592e+02 2.970532885372536569e+01
3.172498431738316640e+02 6.498040686752408135e+01
3.184002497538971852e+02 7.426332213431341422e+00
3.190230655519275160e+02 4.641457633394588100e+01
3.195023958532058828e+02 2.413557969365170308e+01
3.196077207606081174e+02 4.084482717387237471e+01
3.197736637587044015e+02 5.012774244066139318e+01
3.209536049137840337e+02 2.413557969365170308e+01
3.228151193949266826e+02 3.341849496044103773e+01
3.246267008278052799e+02 3.527507801379871211e+01
3.253869340609058440e+02 2.599216274700969365e+01
3.266445966459224906e+02 4.270141022723005619e+01
3.266949247468453450e+02 2.413557969365170308e+01
3.269951741440705746e+02 4.455799328058805031e+01
3.271932149955222826e+02 2.413557969365170308e+01
3.272203425726016235e+02 4.270141022723005619e+01
3.277532854202258363e+02 1.856583053357835356e+00
3.295337357384839265e+02 5.012774244066139318e+01
3.324145486631833251e+02 4.270141022723005619e+01
3.326832408213792860e+02 4.827115938730356248e+01
3.334970843419021662e+02 4.641457633394572468e+01
3.360367814707441312e+02 5.384090854737706167e+01
3.363331242488966382e+02 4.455799328058805031e+01
3.363644267676943400e+02 4.084482717387237471e+01
3.374922488739401274e+02 5.198432549401923097e+01
3.387082444505478520e+02 4.827115938730356248e+01
3.390559338835549283e+02 3.713166106715670622e+01
3.390845507217973704e+02 2.970532885372536569e+01
3.394592812151678913e+02 4.455799328058805031e+01
3.398616372635851235e+02 4.641457633394572468e+01
3.402923788231361186e+02 -0.000000000000000000e+00
3.408479749565117345e+02 4.641457633394572468e+01
3.409560704534092110e+02 4.641457633394572468e+01
3.419009636453403118e+02 3.713166106715670622e+01
3.425994307218242056e+02 5.198432549401923097e+01
3.446592365797284288e+02 3.156191190708319994e+01
3.447712826941954631e+02 4.084482717387237471e+01
3.457371153695069665e+02 2.784874580036753144e+01
3.458065870455482127e+02 5.755407465409274437e+01
3.459601466366337377e+02 2.970532885372536569e+01
3.467297585496629040e+02 4.641457633394572468e+01
3.484958603004714064e+02 5.012774244066139318e+01
3.490583795336157777e+02 4.641457633394572468e+01
3.505872513405949462e+02 4.084482717387237471e+01
3.506923293379056190e+02 4.827115938730356248e+01
3.509035680676513493e+02 3.527507801379887553e+01
3.514332441605707231e+02 5.198432549401938729e+01
3.520715629793585890e+02 4.641457633394572468e+01
3.530677965267527725e+02 3.341849496044103773e+01
3.538417903587706519e+02 5.198432549401923097e+01
3.564776656790679681e+02 4.084482717387237471e+01
3.564839727481955265e+02 2.970532885372536569e+01
3.573960397292997868e+02 3.527507801379871211e+01
3.575055806189913028e+02 1.856583053357835356e+00
3.582321154565490815e+02 2.599216274700969365e+01
3.582321154565491383e+02 4.827115938730356248e+01
3.590988891314599982e+02 2.970532885372536569e+01
3.594838599010057010e+02 1.299608137350484682e+01
3.598760260256736387e+02 5.569749160073489946e+01
3.604927136282391871e+02 2.970532885372536569e+01
3.604989881791603352e+02 3.527507801379871211e+01
3.611331070569662529e+02 4.455799328058789399e+01
3.611890897046492910e+02 4.641457633394572468e+01
3.619104562069112490e+02 1.856583053357835311e+01
3.620823421486001052e+02 5.569749160073506289e+00
3.632170027362521409e+02 3.527507801379871211e+01
3.636950800023305987e+02 6.126724076080841286e+01
3.637197077803828620e+02 3.713166106715670622e+01
3.638304196234404913e+02 3.713166106715670711e+00
3.646496789119240702e+02 2.413557969365185940e+01
3.648270320814696106e+02 3.341849496044103773e+01
3.648270320814696674e+02 3.341849496044103773e+01
3.654838181265812977e+02 5.569749160073506289e+00
3.660154038487321486e+02 4.827115938730371880e+01
3.664463794286309621e+02 4.455799328058805031e+01
3.674296571662131896e+02 2.599216274700969365e+01
3.677172669631632402e+02 3.156191190708304362e+01
3.678177695323224157e+02 4.084482717387221840e+01
3.684324880065228172e+02 2.970532885372536569e+01
3.688594938607107565e+02 5.384090854737706167e+01
3.691186193746667072e+02 2.970532885372536569e+01
3.694315320293549689e+02 2.227899664029402516e+01
3.714673606439254741e+02 2.599216274700969365e+01
3.725141598512860241e+02 1.856583053357835356e+00
3.747352181918309952e+02 2.784874580036737157e+01
3.753684413139384901e+02 2.413557969365185940e+01
3.754334539751175726e+02 3.898824412051438770e+01
3.755223960857187535e+02 2.970532885372536569e+01
3.760985903492692728e+02 2.042241358693618736e+01
3.761423160098577796e+02 1.856583053357835356e+00
3.761747650059122634e+02 1.856583053357835311e+01
3.764269458902886072e+02 3.527507801379871211e+01
3.777754730437602007e+02 1.856583053357835311e+01
3.781794497772358454e+02 7.426332213431341422e+00
3.782018604916174240e+02 1.113949832014701258e+01
3.782143832786467783e+02 2.970532885372536569e+01
3.784753404746637671e+02 3.156191190708304362e+01
3.793742486630797544e+02 2.970532885372536569e+01
3.804897789940744701e+02 2.784874580036737157e+01
3.804897789940744701e+02 2.784874580036737157e+01
3.807808435347476461e+02 3.898824412051438770e+01
3.817703605944865899e+02 2.970532885372536569e+01
3.822835075317912583e+02 2.970532885372536569e+01
3.830951748277664137e+02 5.569749160073506289e+00
3.837677589126445810e+02 2.413557969365185940e+01
3.841654910605477085e+02 3.341849496044103773e+01
3.844222651006382421e+02 3.713166106715670622e+01
3.848198743113699152e+02 1.485266442686268284e+01
3.857654098071622002e+02 1.670924748022035899e+01
3.862507838957787953e+02 2.413557969365185940e+01
3.867801410017819990e+02 9.282915266789176556e+00
3.867833342565377279e+02 1.670924748022051887e+01
3.867833342565377279e+02 3.156191190708304362e+01
3.877577865947470173e+02 2.413557969365185940e+01
3.905848996874955219e+02 2.042241358693618736e+01
3.918096066279307479e+02 1.485266442686268284e+01
3.922903732600854596e+02 2.599216274700969365e+01
3.925973733937261159e+02 1.856583053357835311e+01
3.927418611650707589e+02 3.713166106715670622e+01
3.937806446022632372e+02 4.084482717387237471e+01
3.942230016782459074e+02 1.299608137350484682e+01
3.950277783923612560e+02 4.084482717387237471e+01
3.975918794733489676e+02 1.485266442686268284e+01
3.982943359059773343e+02 2.970532885372536569e+01
3.983996621285868400e+02 2.413557969365185940e+01
3.995132994330167548e+02 4.084482717387237471e+01
4.051860785422566664e+02 1.113949832014701258e+01
4.052628710377400125e+02 1.299608137350484682e+01
4.061602068397102698e+02 2.042241358693618736e+01
4.069488416345897122e+02 7.426332213431341422e+00
4.080563238971502074e+02 7.426332213431341422e+00
4.093373110417110752e+02 1.299608137350484682e+01
4.103692239522790146e+02 1.299608137350484682e+01
4.109273071303932738e+02 2.227899664029402516e+01
4.111955644100708582e+02 2.227899664029402516e+01
4.112059769742778599e+02 7.426332213431341422e+00
4.112714912691019435e+02 1.670924748022051887e+01
4.112855750192565552e+02 2.784874580036753144e+01
4.115579870555047250e+02 3.527507801379887553e+01
4.127867921327481895e+02 1.485266442686268284e+01
4.132702734257908901e+02 1.856583053357835311e+01
4.135662395292598035e+02 7.426332213431341422e+00
4.136867640085205267e+02 1.113949832014701258e+01
4.163041494582473092e+02 1.670924748022051887e+01
4.168281736601179546e+02 9.282915266789176556e+00
4.169341206353832376e+02 2.784874580036753144e+01
4.173876767034329873e+02 1.485266442686268284e+01
4.178891947347322002e+02 1.299608137350484682e+01
4.189556728177703349e+02 2.413557969365185940e+01
4.200733918786080494e+02 4.455799328058805031e+01
4.205692657133325270e+02 1.113949832014701258e+01
4.253874427341730211e+02 7.426332213431341422e+00
4.423321796598533524e+02 6.312382381416624355e+01
4.455789985414152170e+02 5.755407465409274437e+01
