# data from file /Users/tpaneque/Documents/MAPS/gmaur/GM_Aur_CO_220GHz.robust_0.5.JvMcorr.image.fits
# parameters used:
# PA: -57.2
# inc: 53.2
# dist: 159.0 
# vsys: 5.6
# r[au] h[au]
5.317546050544970981e+00 3.978032691157955991e+00
8.469304104546667489e+00 3.978032691157955991e+00
8.862576750908283785e+00 1.458611986757917300e+01
1.251231393525160307e+01 7.956065382315911982e+00
1.404996578929910278e+01 3.978032691157955991e+00
1.496930976126068558e+01 2.652021794105303698e+00
1.588573355965159095e+01 6.630054485263259245e+00
1.726092349825530903e+01 1.326010897052651849e+00
1.772515350181656757e+01 -0.000000000000000000e+00
2.069536006112236137e+01 1.723814166168458684e+01
2.100819637205199797e+01 1.060808717642121479e+01
2.334575050850744304e+01 6.630054485263259245e+00
2.353657482992562677e+01 1.326010897052539050e+00
2.502462787050315995e+01 5.304043588210607396e+00
2.654764145311049006e+01 3.978032691157843193e+00
2.911625571176355720e+01 2.652021794105303698e+00
2.967690455647571568e+01 1.326010897052539050e+00
3.013276095308832225e+01 1.326010897052539050e+00
3.036513373593187026e+01 6.630054485263259245e+00
3.173121861511194552e+01 5.304043588210607396e+00
3.313582267172924389e+01 9.282076279368677518e+00
3.387721641818681206e+01 5.304043588210607396e+00
3.431685397394292636e+01 3.978032691157955991e+00
3.431685397394292636e+01 3.978032691157955991e+00
3.457425161587465823e+01 7.956065382315911982e+00
3.501729656770216081e+01 6.630054485263259245e+00
3.604245589296862562e+01 9.282076279368563831e+00
3.604245589296862562e+01 9.282076279368563831e+00
3.782242100546119445e+01 5.304043588210607396e+00
3.872400530558770981e+01 1.060808717642121479e+01
3.954856734022567366e+01 2.652021794105303698e+00
4.004033390102987511e+01 9.282076279368563831e+00
4.004033390102993906e+01 9.282076279368563831e+00
4.004033390102993906e+01 9.282076279368563831e+00
4.021549953750456297e+01 6.630054485263259245e+00
4.059309806842139068e+01 5.304043588210607396e+00
4.116366877127498469e+01 1.060808717642121479e+01
4.234652052273348488e+01 9.282076279368677518e+00
4.254036840435991706e+01 5.304043588210607396e+00
4.418109689563914344e+01 1.326010897052651849e+01
4.453643685838781607e+01 5.304043588210607396e+00
4.453643685838781607e+01 1.326010897052651849e+01
4.531107134892857857e+01 9.282076279368563831e+00
4.561560654242870072e+01 9.282076279368563831e+00
4.561560654242870072e+01 9.282076279368563831e+00
4.577409069793635155e+01 1.193409807347398122e+01
4.655445012732133137e+01 1.326010897052651849e+01
4.712233070470860952e+01 1.193409807347386753e+01
4.712233070470860952e+01 1.193409807347386753e+01
4.712233070470860952e+01 1.193409807347386753e+01
4.852532339700725572e+01 1.193409807347386753e+01
5.006627985633892308e+01 7.956065382315911982e+00
5.014917102786694159e+01 1.326010897052651849e+01
5.080953375854083021e+01 1.326010897052651849e+01
5.081582462728024296e+01 1.326010897052651849e+01
5.105836623942609265e+01 1.060808717642121479e+01
5.135163898747657640e+01 1.060808717642121479e+01
5.156429697856374617e+01 1.193409807347386753e+01
5.178277049476610472e+01 9.282076279368563831e+00
5.194704060113334521e+01 1.193409807347386753e+01
5.242459578325520653e+01 9.282076279368563831e+00
5.242459578325520653e+01 9.282076279368563831e+00
5.311332830104277747e+01 1.326010897052651849e+01
5.381452726141233001e+01 1.326010897052651849e+01
5.416171632641285782e+01 1.591213076463182396e+01
5.464087327471069244e+01 9.282076279368563831e+00
5.478540740041237456e+01 1.326010897052651849e+01
5.554221582914422584e+01 1.060808717642121479e+01
5.619986315719657455e+01 1.060808717642121479e+01
5.619986315719662429e+01 1.591213076463182396e+01
5.710224985623906946e+01 5.304043588210607396e+00
5.712601539945630691e+01 1.193409807347386753e+01
5.823251142352724230e+01 1.326010897052651849e+01
5.849300655599483179e+01 1.326010897052651849e+00
5.905834085877848594e+01 1.723814166168458684e+01
5.939640597886386075e+01 1.193409807347386753e+01
5.939640597886386075e+01 1.193409807347386753e+01
5.957768007423795353e+01 1.591213076463182396e+01
6.006903916968669677e+01 1.326010897052651849e+01
6.041377613934061941e+01 1.060808717642121479e+01
6.073026747186385421e+01 1.326010897052651849e+01
6.094690399750480481e+01 1.193409807347386753e+01
6.106212550367156666e+01 9.282076279368563831e+00
6.276042486108817542e+01 1.326010897052651849e+01
6.302458911615603654e+01 2.121617435284242958e+01
6.342719034266347933e+01 1.591213076463182396e+01
6.342719034266347933e+01 1.591213076463182396e+01
6.354293423860637802e+01 1.326010897052651849e+01
6.397514870173525026e+01 1.193409807347386753e+01
6.407495962559548275e+01 1.989016345578977862e+01
6.521542758739879275e+01 1.326010897052651849e+01
6.558671044997409183e+01 1.591213076463182396e+01
6.578129055342286335e+01 1.591213076463182396e+01
6.665581795797778852e+01 9.282076279368563831e+00
6.770215230842786980e+01 1.989016345578977862e+01
6.770215230842786980e+01 1.989016345578977862e+01
6.821929161108982953e+01 1.458611986757928491e+01
6.888114322253601074e+01 1.458611986757917300e+01
7.003459313540436426e+01 1.326010897052651849e+01
7.019864633134895371e+01 2.121617435284242958e+01
7.068510351457331353e+01 1.458611986757917300e+01
7.107875211027673856e+01 1.989016345578989231e+01
7.175282597498649295e+01 1.193409807347386753e+01
7.176060989303033466e+01 2.652021794105303698e+01
7.198399780446135310e+01 1.723814166168447315e+01
7.208491178593712334e+01 1.591213076463182396e+01
7.339931336876777834e+01 1.458611986757917300e+01
7.484654880630333196e+01 3.447628332336894630e+01
7.507388361150968592e+01 2.121617435284242958e+01
7.590204948082403291e+01 1.856415255873712766e+01
7.622373694092030405e+01 1.723814166168447315e+01
7.658338216828943246e+01 9.282076279368563831e+00
7.658616179949511604e+01 1.989016345578989231e+01
7.731691956736838733e+01 1.723814166168447315e+01
7.734893444581670963e+01 1.856415255873712766e+01
7.785945201802935856e+01 2.652021794105303698e+01
7.979789552986349577e+01 1.723814166168458684e+01
8.008066780205969337e+01 1.591213076463182396e+01
8.018931841200277688e+01 1.989016345578989231e+01
8.018931841200277688e+01 2.254218524989519779e+01
8.043099907500921120e+01 2.121617435284242958e+01
8.065018895729976123e+01 2.254218524989519779e+01
8.150662084686301512e+01 3.315027242631641258e+01
8.164534639144362416e+01 2.121617435284242958e+01
8.217811110061848012e+01 2.519420704400049971e+01
8.303931793427004493e+01 2.254218524989519779e+01
8.400840229509765322e+01 2.519420704400049971e+01
8.400840229509766743e+01 1.723814166168458684e+01
8.403278548820803451e+01 2.652021794105303698e+01
8.415532679287716178e+01 1.989016345578989231e+01
8.415532679287716178e+01 1.989016345578989231e+01
8.429979473579494709e+01 1.326010897052651849e+01
8.456719947999627607e+01 2.386819614694773506e+01
8.583936255522233694e+01 1.723814166168447315e+01
8.688020898837439177e+01 2.519420704400049971e+01
8.712901193757237195e+01 2.121617435284242958e+01
8.742278884955372575e+01 3.315027242631641258e+01
8.794539084556343767e+01 2.386819614694773506e+01
8.836219379127823004e+01 1.856415255873712766e+01
8.836219379127823004e+01 2.386819614694773506e+01
8.903071366942685927e+01 2.519420704400049971e+01
8.931525475632004429e+01 2.386819614694773506e+01
8.972420691559382533e+01 1.723814166168458684e+01
9.062214269785715715e+01 1.856415255873712766e+01
9.063830514699206731e+01 2.519420704400049971e+01
9.154818139587277415e+01 2.917223973515834601e+01
9.207453262055641119e+01 3.049825063221110710e+01
9.214854629721838819e+01 1.723814166168458684e+01
9.244768879681650731e+01 1.856415255873712766e+01
9.268326789447036163e+01 2.254218524989519779e+01
9.381397458731832728e+01 2.519420704400049971e+01
9.414629931970220866e+01 2.121617435284242958e+01
9.416525155360456267e+01 2.519420704400049971e+01
9.424466140941721903e+01 2.121617435284242958e+01
9.428533220238705326e+01 2.652021794105303698e+01
9.519365584533608171e+01 2.121617435284242958e+01
9.523364818881216820e+01 2.519420704400049971e+01
9.543473574721208763e+01 2.254218524989519779e+01
9.621938445185693922e+01 2.519420704400049971e+01
9.681001326396925322e+01 2.386819614694773506e+01
9.705064679401451144e+01 2.917223973515834601e+01
9.811557130326914944e+01 2.519420704400049971e+01
9.837575174105190001e+01 2.784622883810580518e+01
9.896749638393310988e+01 2.121617435284242958e+01
9.940746801518784537e+01 2.519420704400049971e+01
9.951025295438738283e+01 2.784622883810580518e+01
9.955735313352417393e+01 1.723814166168447315e+01
1.007694870690561117e+02 2.784622883810580518e+01
1.008352590508593494e+02 2.386819614694773506e+01
1.019444873162596963e+02 4.243234870568485917e+01
1.027538043522766458e+02 2.784622883810580518e+01
1.046639104339609503e+02 2.519420704400049971e+01
1.048491915665103420e+02 2.386819614694773506e+01
1.051998035192499117e+02 2.254218524989519779e+01
1.051998035192499117e+02 2.784622883810580518e+01
1.061905658124416476e+02 2.652021794105303698e+01
1.061905658124416476e+02 3.447628332336894630e+01
1.062266566020855549e+02 2.386819614694773506e+01
1.074059215764827968e+02 3.580229422042171450e+01
1.079104476371800700e+02 2.784622883810580518e+01
1.098472276793918923e+02 2.254218524989519779e+01
1.098472276793918923e+02 3.049825063221110710e+01
1.098510973067115799e+02 4.110633780863232545e+01
1.099170270461744252e+02 2.254218524989508410e+01
1.101009533591070522e+02 2.519420704400049971e+01
1.122698232094550121e+02 2.917223973515845969e+01
1.126108254172644081e+02 3.712830511747436901e+01
1.130353833581301188e+02 3.845431601452701642e+01
1.131427335204003839e+02 2.784622883810580518e+01
1.132161240357505392e+02 2.784622883810580518e+01
1.137260033764427902e+02 4.773639229389558380e+01
1.139916563882829053e+02 5.038841408800088573e+01
1.143058656207253847e+02 3.315027242631641258e+01
1.150990221967225153e+02 2.917223973515834601e+01
1.162187657198891770e+02 3.712830511747436901e+01
1.163771842143893309e+02 3.447628332336894630e+01
1.170713137645836213e+02 2.519420704400049971e+01
1.170713137645836923e+02 3.315027242631641258e+01
1.176803731616602704e+02 6.099650126442221421e+01
1.176828741496276507e+02 3.845431601452701642e+01
1.181166817175570145e+02 5.569245767621149668e+01
1.191553601484758502e+02 3.712830511747436901e+01
1.196911018483022531e+02 3.580229422042171450e+01
1.198647019455447520e+02 2.917223973515834601e+01
1.201380783393733935e+02 4.773639229389558380e+01
1.208264644877875469e+02 4.906240319094823832e+01
1.214980164630074739e+02 3.580229422042171450e+01
1.216707880722527051e+02 3.447628332336894630e+01
1.224665034827097116e+02 4.243234870568497286e+01
1.228110405004882892e+02 3.315027242631641258e+01
1.229248103046782177e+02 2.121617435284242958e+01
1.232708705410649515e+02 6.364852305852752323e+01
1.233406098562666671e+02 3.049825063221110710e+01
1.240382740466920808e+02 5.569245767621149668e+01
1.243262309476457403e+02 6.232251216147475503e+01
1.250993074142097470e+02 2.652021794105303698e+01
1.258047766200976554e+02 3.447628332336905999e+01
1.258530172431599539e+02 3.978032691157967093e+01
1.264496921036922998e+02 3.315027242631641258e+01
1.267088406209690703e+02 4.906240319094823832e+01
1.267289996395467284e+02 4.375835960273762737e+01
1.270858684772126850e+02 3.447628332336894630e+01
1.283158149338172507e+02 3.315027242631641258e+01
1.283226694268733752e+02 4.508437049979028188e+01
1.284719650761698801e+02 3.712830511747436901e+01
1.285811519108843015e+02 4.110633780863232545e+01
1.297160614141211283e+02 2.652021794105303698e+01
1.298422220663662188e+02 3.845431601452701642e+01
1.300243899775313707e+02 6.099650126442210052e+01
1.300929973936742101e+02 4.110633780863232545e+01
1.301862827966888574e+02 2.784622883810580518e+01
1.304439166056825172e+02 6.364852305852752323e+01
1.307464662280736434e+02 6.630054485263282515e+01
1.311693766132333394e+02 4.508437049979028188e+01
1.311693766132333394e+02 5.304043588210618765e+01
1.311693766132334531e+02 2.917223973515834601e+01
1.312026603849076878e+02 3.447628332336905999e+01
1.316068805727624351e+02 4.375835960273762737e+01
1.316894001111141677e+02 4.110633780863232545e+01
1.330813492555825235e+02 4.243234870568497286e+01
1.346352376920899019e+02 3.447628332336905999e+01
1.347237878513459748e+02 5.569245767621149668e+01
1.352041746292559310e+02 3.315027242631641258e+01
1.353034013579544990e+02 4.375835960273762737e+01
1.354043046168558249e+02 2.917223973515834601e+01
1.355088656727471914e+02 6.895256664673811997e+01
1.355088656727472198e+02 4.508437049979028188e+01
1.360665138144109960e+02 6.099650126442210052e+01
1.373750233020356859e+02 4.375835960273762737e+01
1.397683249104099446e+02 5.436644677915884216e+01
1.401056810199576432e+02 4.508437049979028188e+01
1.407003752817676911e+02 4.508437049979028188e+01
1.407003752817676911e+02 6.895256664673811997e+01
1.413669921141256509e+02 7.558262113200137833e+01
1.414182297816517746e+02 3.845431601452701642e+01
1.419903441775441308e+02 5.304043588210630134e+01
1.420674106614265497e+02 4.110633780863232545e+01
1.421575042205534203e+02 6.364852305852740955e+01
1.424895976086866369e+02 3.845431601452701642e+01
1.426912526707588711e+02 3.049825063221110710e+01
1.430163110445504060e+02 4.110633780863232545e+01
1.430564944544086927e+02 4.906240319094823832e+01
1.436399251509496935e+02 4.508437049979028188e+01
1.438169956074015374e+02 7.425661023494873803e+01
1.438553466883525118e+02 4.375835960273762737e+01
1.441698235718742467e+02 4.508437049979028188e+01
1.449588201417003290e+02 5.038841408800088573e+01
1.450146653634703284e+02 2.917223973515834601e+01
1.455759701910216393e+02 4.110633780863232545e+01
1.470448904234357315e+02 7.027857754379066080e+01
1.472853420491734937e+02 4.773639229389558380e+01
1.475432547839295410e+02 5.304043588210630134e+01
1.476174176903682564e+02 3.315027242631641258e+01
1.480987476504664357e+02 7.425661023494873803e+01
1.483256544915944630e+02 4.375835960273762737e+01
1.483256544915944630e+02 4.641038139684292929e+01
1.485279900575569059e+02 7.823464292610668736e+01
1.485322897388652450e+02 5.171442498505353313e+01
1.493374919116570538e+02 4.110633780863232545e+01
1.499745978891599236e+02 8.751671920547525474e+01
1.504218280178294549e+02 7.027857754379066080e+01
1.504475130836008532e+02 8.486469741136994571e+01
1.506314585303484250e+02 4.773639229389558380e+01
1.509788892312911059e+02 5.038841408800088573e+01
1.516572271562394860e+02 4.641038139684292929e+01
1.520753593158920296e+02 8.221267561726465090e+01
1.522543709622831329e+02 4.906240319094823832e+01
1.522837296918097820e+02 7.027857754379066080e+01
1.524137591958756559e+02 7.027857754379066080e+01
1.529522801685445756e+02 8.088666472021199638e+01
1.531723235989903742e+02 4.508437049979016820e+01
1.540885881763311431e+02 4.906240319094823832e+01
1.546338391347368599e+02 3.978032691157955725e+01
1.547686078376294176e+02 3.845431601452701642e+01
1.550135406241604699e+02 6.630054485263282515e+01
1.558411218033999432e+02 8.884273010252790925e+01
1.566782726388839535e+02 4.508437049979016820e+01
1.569960619620904367e+02 8.221267561726465090e+01
1.570448855651986264e+02 5.038841408800088573e+01
1.575714760074444314e+02 5.171442498505353313e+01
1.575714760074444314e+02 7.558262113200137833e+01
1.578753109793539977e+02 7.027857754379066080e+01
1.580249973437392725e+02 7.027857754379066080e+01
1.597650101330564212e+02 4.906240319094823832e+01
1.609167779863872738e+02 8.884273010252790925e+01
1.609167779863873591e+02 8.884273010252790925e+01
1.611562017084284264e+02 4.906240319094823832e+01
1.614250910427801955e+02 5.038841408800088573e+01
1.614994782772490396e+02 5.701846857326415119e+01
1.615640790072950210e+02 7.027857754379066080e+01
1.618315078680729187e+02 4.906240319094823832e+01
1.624294482546444272e+02 3.978032691157967093e+01
1.625052968005205116e+02 4.906240319094823832e+01
1.630132416937260871e+02 7.160458844084342900e+01
1.643562222012370739e+02 6.895256664673811997e+01
1.650267998138499195e+02 9.016874099958056377e+01
1.653316104282368428e+02 7.293059933789596982e+01
1.656791133586464468e+02 4.110633780863232545e+01
1.660786358685402320e+02 5.304043588210618765e+01
1.672465925337414205e+02 7.027857754379066080e+01
1.674756760715748385e+02 4.641038139684292929e+01
1.682979850348262403e+02 9.282076279368585858e+01
1.689043921518924662e+02 6.895256664673811997e+01
1.698381886512086680e+02 6.099650126442221421e+01
1.699579054299522056e+02 8.221267561726465090e+01
1.720115476945382511e+02 5.569245767621149668e+01
1.721693551753043039e+02 5.569245767621149668e+01
1.729936398682057757e+02 8.619070830842260023e+01
1.743331588727470773e+02 6.895256664673811997e+01
1.748697853424806681e+02 4.906240319094823832e+01
1.748925021509778048e+02 5.834447947031680570e+01
1.763841474611449769e+02 6.630054485263282515e+01
1.774316649159108863e+02 6.630054485263282515e+01
1.774393262181479827e+02 1.021028390730545539e+02
1.781953524350598173e+02 5.304043588210618765e+01
1.802122794648428794e+02 5.967049036736944601e+01
1.804780026362707019e+02 8.619070830842260023e+01
1.822105144301602877e+02 6.497453395558005695e+01
1.847183056622007769e+02 1.047548608671598345e+02
1.876847090287739377e+02 5.304043588210618765e+01
1.877140508349858123e+02 9.945081727894911694e+01
1.882925986394041047e+02 6.630054485263282515e+01
1.890737673484680101e+02 4.773639229389558380e+01
1.896456299405227810e+02 8.619070830842260023e+01
1.896927942024372840e+02 6.497453395558005695e+01
1.897085225691933204e+02 1.127109262494757616e+02
1.921062790982084607e+02 5.967049036736944601e+01
1.942066074631682113e+02 5.304043588210618765e+01
1.946010268963886745e+02 7.425661023494873803e+01
1.947939944045741072e+02 1.153629480435810706e+02
1.951470339904001321e+02 5.569245767621161036e+01
1.961339552694337556e+02 8.486469741136994571e+01
1.966995210501880251e+02 6.099650126442221421e+01
1.970306137317650439e+02 6.364852305852752323e+01
1.971752542615758443e+02 6.762655574968535177e+01
1.980785960478564789e+02 9.812480638189647664e+01
1.990674673210532433e+02 8.884273010252790925e+01
1.991147062670482057e+02 6.630054485263282515e+01
1.996220238833738563e+02 7.558262113200126464e+01
1.997404649475969904e+02 7.293059933789596982e+01
2.004771679836120200e+02 6.895256664673811997e+01
2.035957362743305339e+02 8.221267561726465090e+01
2.046578748332696307e+02 6.497453395558005695e+01
2.047474894176337727e+02 6.630054485263282515e+01
2.052295309911166044e+02 8.353868651431729120e+01
2.054940286930317370e+02 7.293059933789596982e+01
2.065064419258900159e+02 7.160458844084342900e+01
2.071310819790643052e+02 6.895256664673811997e+01
2.075086284721701304e+02 9.547278458779116761e+01
2.082084296375930990e+02 6.497453395558005695e+01
2.084406525416285660e+02 8.221267561726465090e+01
2.085283626553601835e+02 9.414677369073862678e+01
2.087366403456868511e+02 9.414677369073851310e+01
2.089019122731540961e+02 8.353868651431729120e+01
2.089019122731542382e+02 6.762655574968535177e+01
2.107091477267056803e+02 6.630054485263282515e+01
2.119357033080096357e+02 7.823464292610657367e+01
2.121406389327319175e+02 7.823464292610668736e+01
2.127152160611900911e+02 7.027857754379066080e+01
2.129855162663162105e+02 8.751671920547525474e+01
2.132362563308300878e+02 9.679879548484393581e+01
2.135576602644748334e+02 1.100589044553704525e+02
2.139642282202587751e+02 9.414677369073851310e+01
2.153985527335109396e+02 9.016874099958056377e+01
2.166620016721163324e+02 7.558262113200126464e+01
2.170362553439912290e+02 7.558262113200126464e+01
2.181810955528205511e+02 9.016874099958056377e+01
2.187675672460751457e+02 5.834447947031691939e+01
2.189237879748669116e+02 7.956065382315934187e+01
2.201176354366604073e+02 8.353868651431729120e+01
2.204421472376491238e+02 9.016874099958056377e+01
2.208895696992092326e+02 7.160458844084342900e+01
2.213524067339912165e+02 7.690863202905403284e+01
2.216750549029330273e+02 7.690863202905391915e+01
2.217831296688673035e+02 7.956065382315934187e+01
2.218196191595403377e+02 8.486469741136994571e+01
2.221185303057839917e+02 7.690863202905403284e+01
2.222163293714322947e+02 5.834447947031691939e+01
2.228638390405823202e+02 6.099650126442221421e+01
2.234502310021612459e+02 8.884273010252790925e+01
2.251945731329323053e+02 9.414677369073862678e+01
2.255168512549007005e+02 7.293059933789596982e+01
2.260311872923545593e+02 7.425661023494873803e+01
2.267301588216464836e+02 8.619070830842260023e+01
2.270302175709240089e+02 1.087328935583176843e+02
2.276489606723461634e+02 8.088666472021199638e+01
2.292331482019643261e+02 7.027857754379066080e+01
2.294940808472053675e+02 8.884273010252790925e+01
2.297604427993194349e+02 8.221267561726465090e+01
2.305309437649458459e+02 9.282076279368585858e+01
2.310901600925720345e+02 7.425661023494873803e+01
2.332480360872558833e+02 8.221267561726465090e+01
2.354940929431356835e+02 1.127109262494757616e+02
2.367290925016625351e+02 7.823464292610657367e+01
2.371405149273076631e+02 1.246450243229496238e+02
2.373447863379621765e+02 9.016874099958056377e+01
2.376773956292795731e+02 9.945081727894923063e+01
2.400520824151649322e+02 8.884273010252802294e+01
2.413643709654623706e+02 7.293059933789608351e+01
2.415761070176207568e+02 9.945081727894923063e+01
2.423064884250506736e+02 1.193409807347390057e+02
2.435410541771871067e+02 8.221267561726465090e+01
2.437067401980389150e+02 9.282076279368585858e+01
2.437889216182545056e+02 8.751671920547525474e+01
2.446332115338801714e+02 8.486469741136994571e+01
2.456220810009767206e+02 7.956065382315934187e+01
2.475401997207748366e+02 1.246450243229496238e+02
2.489829003543025578e+02 1.166889589406337251e+02
2.489829003543025578e+02 1.193409807347390057e+02
2.497823442980559605e+02 9.282076279368585858e+01
2.497947057222089313e+02 8.221267561726465090e+01
2.499187761253965618e+02 8.751671920547525474e+01
2.507662080772311413e+02 1.140369371465283024e+02
2.507745986932929156e+02 1.153629480435810706e+02
2.515147331557676011e+02 9.282076279368585858e+01
2.517545955417184587e+02 8.353868651431729120e+01
2.517977161799270505e+02 1.259710352200022783e+02
2.524659803786315422e+02 8.088666472021199638e+01
2.540791231364009946e+02 1.166889589406337251e+02
2.551648553068328624e+02 1.286230570141075873e+02
2.559005948069410863e+02 1.034288499701070663e+02
2.572765747858071563e+02 1.007768281760017715e+02
2.582622887337819293e+02 9.945081727894911694e+01
2.592204962312953853e+02 1.259710352200022783e+02
2.607469682149423420e+02 8.486469741136994571e+01
2.614391739456210075e+02 1.166889589406337251e+02
2.631182556280639346e+02 1.007768281760017715e+02
2.639974393460478268e+02 1.445351877787394130e+02
2.646123555456446184e+02 1.339271006023182053e+02
2.655428736199859827e+02 1.153629480435810706e+02
2.663166342772062194e+02 8.353868651431729120e+01
2.669700547628397089e+02 1.074068826612651435e+02
2.676757337589558006e+02 1.113849153524231070e+02
2.676757337589558006e+02 1.299490679111602276e+02
2.680624835026109736e+02 1.180149698376863796e+02
2.681555261978660383e+02 1.432091768816868580e+02
2.690726135781957851e+02 1.485132204698974761e+02
2.691726207467814334e+02 1.524912531610553117e+02
2.700574705140767833e+02 1.074068826612651435e+02
2.714052392905021520e+02 9.945081727894911694e+01
2.731596185859634716e+02 1.087328935583176843e+02
2.732862036233872800e+02 8.088666472021199638e+01
2.737565432984150675e+02 1.180149698376863796e+02
2.737659142435256854e+02 1.206669916317916602e+02
2.744698773045926146e+02 1.498392313669500027e+02
2.745875373772072408e+02 1.511652422640027567e+02
2.751002030420232813e+02 1.326010897052655366e+02
2.751419384010171711e+02 9.945081727894911694e+01
2.755164860955424615e+02 9.016874099958056377e+01
2.764456388916553351e+02 1.206669916317916602e+02
2.764695045466840497e+02 9.414677369073862678e+01
2.773141765620657679e+02 1.206669916317916602e+02
2.782627942628732285e+02 9.547278458779116761e+01
2.784957475824728590e+02 1.379051332934761263e+02
2.787047772204754779e+02 1.074068826612650298e+02
2.820490759542435626e+02 1.538172640581080657e+02
2.824430301091425122e+02 9.282076279368585858e+01
2.841348213228531563e+02 1.060808717642124890e+02
2.843150586319206354e+02 1.007768281760018851e+02
2.848539331228689093e+02 9.282076279368585858e+01
2.849581229700659719e+02 1.418831659846341040e+02
2.856561942820242166e+02 9.679879548484382212e+01
2.876339912148032454e+02 1.140369371465283024e+02
2.883618019735802136e+02 1.007768281760017715e+02
2.888558389095463212e+02 1.021028390730545539e+02
2.904706309005504750e+02 1.418831659846341040e+02
2.911467025513228464e+02 8.884273010252790925e+01
2.912941796178524214e+02 8.221267561726465090e+01
2.917306709692807658e+02 9.414677369073851310e+01
2.921834250594958462e+02 1.219930025288443147e+02
2.928748664334010527e+02 1.166889589406336114e+02
2.941534145004645779e+02 1.445351877787394130e+02
2.942888413884845704e+02 1.127109262494757616e+02
2.943814287299221064e+02 1.524912531610553117e+02
2.944275098763162077e+02 1.193409807347388920e+02
2.956619948930865007e+02 8.751671920547525474e+01
2.972882310265907790e+02 1.379051332934762399e+02
2.978801073243612336e+02 1.233190134258969692e+02
2.978884003711896185e+02 1.405571550875815490e+02
2.981845577368734439e+02 9.679879548484393581e+01
2.982400124141307174e+02 1.140369371465283024e+02
2.988788464414273562e+02 1.458611986757921670e+02
2.994035681789069372e+02 9.414677369073851310e+01
3.003451958484336046e+02 1.193409807347388920e+02
3.008102697817597004e+02 1.286230570141075873e+02
3.013013467633470555e+02 9.679879548484393581e+01
3.019411189411132455e+02 1.498392313669500027e+02
3.028213886604132199e+02 1.591213076463186837e+02
3.045087419245663227e+02 1.432091768816868580e+02
3.049396938645966770e+02 1.113849153524229934e+02
3.052077521766037762e+02 1.538172640581080657e+02
3.076084600300966940e+02 9.945081727894923063e+01
3.082963837988118598e+02 1.644253512345293018e+02
3.098003080237668314e+02 1.272970461170549328e+02
3.111664324087436739e+02 1.630993403374765478e+02
3.118720687001634815e+02 1.684033839256871374e+02
3.128013278139834483e+02 1.219930025288443147e+02
3.128567513916430585e+02 1.657513621315820558e+02
3.130405419160348970e+02 7.558262113200126464e+01
3.140826945969287749e+02 1.326010897052655366e+02
3.148419321443804506e+02 1.286230570141075873e+02
3.177383775949131177e+02 1.710554057197924465e+02
3.178645056091148717e+02 1.326010897052655366e+02
3.179743363747371632e+02 1.272970461170549328e+02
3.232378793103960106e+02 1.299490679111602276e+02
3.245951926800453862e+02 1.299490679111602276e+02
3.316142432866092804e+02 1.299490679111602276e+02
3.324939892176815306e+02 5.171442498505353313e+01
3.327415472834780417e+02 1.617733294404239928e+02
3.378087843037848756e+02 1.644253512345293018e+02
3.424035009412028217e+02 1.286230570141075873e+02
3.428603928626908441e+02 1.737074275138979829e+02
3.437381076375650082e+02 1.723814166168452005e+02
3.470559815339232728e+02 8.221267561726465090e+01
3.473000975371639356e+02 1.564692858522133747e+02
3.493645782145823659e+02 8.221267561726465090e+01
3.528029302734636872e+02 1.577952967492659297e+02
3.537415304966397684e+02 9.016874099958056377e+01
3.571393383248840223e+02 1.617733294404239928e+02
3.577295783153559228e+02 1.418831659846341040e+02
3.592634342702560843e+02 1.644253512345293018e+02
3.634216542354093349e+02 1.087328935583176843e+02
3.659118853164429765e+02 1.657513621315820558e+02
3.676810989436079353e+02 1.485132204698974761e+02
3.749364947228995675e+02 1.272970461170550465e+02
3.759247773354094306e+02 1.723814166168452005e+02
3.826269843435630378e+02 1.312750788082128963e+02
3.832300168338963999e+02 1.219930025288442010e+02
3.833527777207685290e+02 1.445351877787394130e+02
3.841252172450822400e+02 1.246450243229495101e+02
3.871935335394548474e+02 1.445351877787394130e+02
3.880082819073064115e+02 1.246450243229495101e+02
3.893287225712550139e+02 1.471872095728447221e+02
3.898219013440667595e+02 1.445351877787394130e+02
3.937594827959666759e+02 1.485132204698974761e+02
3.950897962294018271e+02 1.392311441905287950e+02
3.965572834979422510e+02 1.180149698376863796e+02
4.021237371720423539e+02 1.206669916317916602e+02
4.027861734873283126e+02 1.246450243229496238e+02
4.043217914132800956e+02 1.286230570141075873e+02
4.043981744733648611e+02 1.286230570141075873e+02
4.074798487736121615e+02 1.286230570141075873e+02
4.107194334465592078e+02 1.365791223964234860e+02
4.122579273127087731e+02 1.299490679111602276e+02
4.126431101956766270e+02 6.497453395558005695e+01
4.152964181764689329e+02 1.379051332934761263e+02
4.164168592751861411e+02 1.087328935583177980e+02
4.170929864684133008e+02 1.286230570141075873e+02
4.180739348279009846e+02 6.895256664673811997e+01
4.189981672565652957e+02 1.352531114993708172e+02
4.193967662660411975e+02 7.160458844084342900e+01
4.221366347478040666e+02 1.312750788082128963e+02
4.234652052273350478e+02 1.246450243229496238e+02
4.235029042475687788e+02 1.312750788082128963e+02
4.254733888151667429e+02 1.286230570141075873e+02
4.264258379818181197e+02 1.272970461170549328e+02
4.278082624038190716e+02 5.569245767621161036e+01
4.299062009224150529e+02 1.352531114993709309e+02
4.321034583780867706e+02 5.834447947031691939e+01
4.330555179109643404e+02 7.425661023494873803e+01
4.331980824652630986e+02 6.497453395558005695e+01
4.334271804781826063e+02 1.405571550875815490e+02
4.355205610175779043e+02 8.088666472021188270e+01
4.394385648849653876e+02 9.414677369073862678e+01
4.404436729113283491e+02 8.353868651431729120e+01
4.422246136534076300e+02 1.047548608671598345e+02
4.446604862883085616e+02 1.060808717642124890e+02
4.459323465398862254e+02 9.679879548484393581e+01
4.524567417890298771e+02 9.679879548484393581e+01
4.590199921386082451e+02 9.547278458779116761e+01
4.591069731498184296e+02 1.750334384109505095e+02
4.613183545498570197e+02 1.737074275138979829e+02
4.650500548263107135e+02 9.812480638189647664e+01
4.677051390145960568e+02 1.047548608671598345e+02
4.678444735503090897e+02 5.701846857326415119e+01
4.686453906575175665e+02 8.486469741136994571e+01
4.696095492433396998e+02 8.751671920547525474e+01
4.732010662632794151e+02 1.113849153524231070e+02
4.761689440534460118e+02 6.099650126442221421e+01
4.791515040789708451e+02 6.497453395558005695e+01
5.021741972312731832e+02 8.751671920547525474e+01
5.038258831479584501e+02 8.884273010252790925e+01
5.106338842529346493e+02 9.414677369073862678e+01
5.461125427431933304e+02 8.221267561726465090e+01
5.526611712557803457e+02 5.171442498505353313e+01
