# data from file /Users/tpaneque/Documents/MAPS/hd163296/HD_163296_HCN_260GHz_hf2.0.3arcsec.JvMcorr.image.fits
# parameters used:
# PA: -133.3
# inc: 46.7
# dist: 101.0 
# vsys: 4.059
# r[au] h[au]
2.995698832508369946e+01 -0.000000000000000000e+00
3.611131402105327481e+01 1.856583053357835356e+00
3.630391648055105946e+01 1.856583053357835356e+00
3.743300349588930231e+01 -0.000000000000000000e+00
3.743300349588930231e+01 -0.000000000000000000e+00
3.743300349588930231e+01 -0.000000000000000000e+00
3.743300349588930231e+01 -0.000000000000000000e+00
3.823075591024615960e+01 -0.000000000000000000e+00
3.823075591024615960e+01 -0.000000000000000000e+00
3.823075591024615960e+01 -0.000000000000000000e+00
3.823075591024618802e+01 -0.000000000000000000e+00
3.823075591024618802e+01 -0.000000000000000000e+00
3.871765995077068112e+01 1.856583053357835356e+00
3.871765995077068112e+01 1.856583053357835356e+00
3.871765995077068112e+01 1.856583053357835356e+00
3.940316157462032720e+01 1.856583053357835356e+00
3.940316157462032720e+01 1.856583053357835356e+00
4.016179887431835027e+01 1.856583053357835356e+00
4.052990917465160692e+01 -0.000000000000000000e+00
4.052990917465160692e+01 -0.000000000000000000e+00
4.052990917465160692e+01 -0.000000000000000000e+00
4.243656354832850752e+01 1.856583053357835356e+00
4.243656354832850752e+01 1.856583053357835356e+00
4.409623874474240068e+01 -0.000000000000000000e+00
4.409623874474240068e+01 -0.000000000000000000e+00
4.409623874474240068e+01 -0.000000000000000000e+00
4.578053803512684539e+01 1.856583053357835356e+00
4.715282126246800232e+01 1.856583053357835356e+00
4.865187456462754056e+01 -0.000000000000000000e+00
4.865187456462754056e+01 -0.000000000000000000e+00
4.925395196827545874e+01 -0.000000000000000000e+00
4.925395196827545874e+01 -0.000000000000000000e+00
4.977148733533253733e+01 1.856583053357835356e+00
4.977148733533253733e+01 1.856583053357835356e+00
4.977148733533253733e+01 1.856583053357835356e+00
4.986293945646151826e+01 -0.000000000000000000e+00
5.018350615495719325e+01 1.856583053357835356e+00
5.018350615495719325e+01 1.856583053357835356e+00
5.018350615495719325e+01 1.856583053357835356e+00
5.259883148626322935e+01 1.856583053357835356e+00
5.259883148626322935e+01 1.856583053357835356e+00
5.271627533598119442e+01 1.856583053357835356e+00
5.394676467928649544e+01 -0.000000000000000000e+00
5.449036892151901412e+01 -0.000000000000000000e+00
5.449036892151901412e+01 -0.000000000000000000e+00
5.449036892151901412e+01 -0.000000000000000000e+00
5.533202337448621222e+01 1.856583053357835356e+00
5.533202337448621222e+01 1.856583053357835356e+00
5.533202337448621222e+01 1.856583053357835356e+00
5.533202337448621222e+01 1.856583053357835356e+00
5.823853477228094278e+01 -0.000000000000000000e+00
5.823853477228094278e+01 -0.000000000000000000e+00
5.823853477228094278e+01 -0.000000000000000000e+00
5.857138796307889805e+01 1.856583053357835356e+00
5.857138796307889805e+01 1.856583053357835356e+00
5.978481273336482360e+01 -0.000000000000000000e+00
5.978481273336482360e+01 -0.000000000000000000e+00
6.103771968967939898e+01 1.856583053357835356e+00
6.119461441359012355e+01 1.856583053357835356e+00
6.119461441359012355e+01 1.856583053357835356e+00
6.492534016556096788e+01 1.856583053357835356e+00
6.602208828305721511e+01 -0.000000000000000000e+00
6.602208828305721511e+01 3.713166106715670711e+00
6.639842804938351151e+01 1.856583053357835356e+00
6.715873385203281032e+01 1.856583053357835356e+00
7.155916431036098402e+01 1.856583053357835356e+00
7.206555040462440331e+01 1.856583053357835356e+00
7.255570509918044309e+01 3.713166106715670711e+00
7.471007857471687430e+01 1.856583053357835356e+00
7.577438652755625981e+01 5.569749160073506289e+00
7.691830849746378362e+01 7.426332213431341422e+00
7.931246079345793021e+01 3.713166106715670711e+00
7.931246079345793021e+01 3.713166106715670711e+00
8.177915293257362350e+01 1.113949832014701258e+01
8.310363716579577442e+01 5.569749160073506289e+00
8.332203956208448403e+01 7.426332213431341422e+00
8.442429338128931704e+01 7.426332213431341422e+00
8.460410616338818102e+01 7.426332213431341422e+00
8.460410616338818102e+01 7.426332213431341422e+00
8.552887507084216168e+01 1.113949832014701258e+01
8.628283033797131907e+01 9.282915266789176556e+00
8.819247748948494348e+01 1.299608137350484682e+01
9.062727162162697425e+01 2.784874580036753144e+01
9.095967957466493203e+01 2.784874580036753144e+01
9.137910599428396097e+01 9.282915266789176556e+00
9.166969129689488227e+01 2.970532885372536569e+01
9.198938231692501688e+01 1.113949832014701258e+01
9.198938231692501688e+01 1.113949832014701258e+01
9.253434710109327455e+01 1.299608137350484682e+01
9.284061692075978556e+01 1.113949832014701258e+01
9.284061692075978556e+01 1.113949832014701258e+01
9.319849477262877713e+01 1.485266442686268284e+01
9.357644405666530929e+01 2.042241358693618736e+01
9.430564252493620359e+01 1.299608137350484682e+01
9.499290455757822826e+01 1.299608137350484682e+01
9.575031571141219899e+01 1.670924748022051887e+01
9.580750236546793985e+01 1.670924748022051887e+01
9.669503525044551395e+01 1.113949832014701258e+01
9.669503525044551395e+01 1.485266442686268284e+01
9.730374912925528008e+01 1.299608137350484682e+01
9.761897993846484667e+01 1.299608137350484682e+01
9.767322629585720506e+01 1.856583053357835311e+01
9.863886830609021672e+01 1.113949832014701258e+01
9.882427909371733676e+01 1.113949832014701258e+01
9.959764207407532410e+01 1.299608137350484682e+01
1.003670123099145997e+02 9.282915266789176556e+00
1.004156743529205897e+02 1.856583053357835311e+01
1.006708604799680842e+02 1.113949832014701258e+01
1.010101058070152931e+02 1.113949832014701258e+01
1.016724384153794460e+02 1.856583053357835311e+01
1.019131809160149515e+02 1.670924748022051887e+01
1.023343277604277404e+02 1.299608137350484682e+01
1.024409863740271192e+02 1.299608137350484682e+01
1.028135856454411368e+02 9.282915266789176556e+00
1.031459619522593698e+02 1.856583053357835311e+01
1.032936701153646197e+02 1.299608137350484682e+01
1.034896463819910934e+02 1.299608137350484682e+01
1.036198899218369434e+02 2.042241358693618736e+01
1.039088308368600337e+02 1.299608137350484682e+01
1.040603673064251069e+02 1.485266442686268284e+01
1.050419821787924377e+02 1.113949832014701258e+01
1.050661045301548029e+02 1.670924748022051887e+01
1.050715772745447936e+02 1.113949832014701258e+01
1.051976629725265866e+02 1.299608137350484682e+01
1.054325506719625309e+02 1.299608137350484682e+01
1.055681840670211784e+02 1.856583053357835311e+01
1.056928983050076738e+02 9.282915266789176556e+00
1.058906549541168403e+02 1.299608137350484682e+01
1.065359069202027200e+02 1.113949832014701258e+01
1.068366819307087496e+02 7.426332213431341422e+00
1.072032203721011996e+02 1.485266442686268284e+01
1.083286215634132077e+02 9.282915266789176556e+00
1.089117494416534981e+02 1.299608137350484682e+01
1.090903985183308862e+02 1.299608137350484682e+01
1.098113839900931055e+02 7.426332213431341422e+00
1.098926883523018319e+02 9.282915266789176556e+00
1.103872587803100629e+02 1.299608137350484682e+01
1.106640467489725381e+02 9.282915266789176556e+00
1.108026297785462901e+02 1.113949832014701258e+01
1.108345424209458372e+02 1.299608137350484682e+01
1.108345424209458372e+02 1.299608137350484682e+01
1.108345424209458372e+02 1.299608137350484682e+01
1.108370658112940248e+02 1.485266442686268284e+01
1.110591201862237085e+02 1.299608137350484682e+01
1.113726399706707895e+02 1.299608137350484682e+01
1.120755753682714868e+02 7.426332213431341422e+00
1.125233021578433608e+02 1.299608137350484682e+01
1.125550171394931454e+02 9.282915266789176556e+00
1.127639312660884201e+02 1.299608137350484682e+01
1.129128888486539637e+02 7.426332213431341422e+00
1.131641694622095855e+02 1.299608137350484682e+01
1.132587493943426011e+02 1.299608137350484682e+01
1.146221218692187875e+02 1.299608137350484682e+01
1.150830739877426652e+02 9.282915266789176556e+00
1.151113821721645252e+02 1.113949832014701258e+01
1.159605184059108609e+02 7.426332213431341422e+00
1.159884657669196741e+02 9.282915266789176556e+00
1.160324121679079923e+02 7.426332213431341422e+00
1.161529798523123986e+02 1.299608137350484682e+01
1.162502091375132665e+02 9.282915266789176556e+00
1.164075724435585073e+02 1.299608137350484682e+01
1.164770695445620987e+02 1.299608137350484682e+01
1.169678560225505208e+02 1.299608137350484682e+01
1.170229489017867337e+02 1.299608137350484682e+01
1.171427759261578672e+02 1.299608137350484682e+01
1.175947042846144228e+02 7.426332213431341422e+00
1.176106514935881506e+02 1.299608137350484682e+01
1.178820531561702722e+02 7.426332213431341422e+00
1.179601658179035581e+02 1.113949832014701258e+01
1.181479645955141109e+02 7.426332213431341422e+00
1.188279909160652181e+02 7.426332213431341422e+00
1.194014126659453439e+02 1.113949832014701258e+01
1.202275135409445426e+02 1.299608137350484682e+01
1.203218858181764404e+02 7.426332213431341422e+00
1.208016714468939767e+02 1.299608137350484682e+01
1.208733993137818317e+02 7.426332213431341422e+00
1.215166584956243412e+02 7.426332213431341422e+00
1.217304514238697664e+02 1.299608137350484682e+01
1.220754393793588690e+02 9.282915266789176556e+00
1.222941760575974968e+02 7.426332213431341422e+00
1.230046424506229528e+02 1.299608137350484682e+01
1.231412129953695427e+02 7.426332213431341422e+00
1.232137217904216584e+02 1.299608137350484682e+01
1.233564601102586380e+02 7.426332213431341422e+00
1.234116565308820981e+02 9.282915266789176556e+00
1.234116565308820981e+02 9.282915266789176556e+00
1.234157754111081289e+02 1.299608137350484682e+01
1.239178399176860523e+02 1.113949832014701258e+01
1.240357790591968552e+02 9.282915266789176556e+00
1.243377258906684233e+02 9.282915266789176556e+00
1.247748137527841266e+02 7.426332213431341422e+00
1.254587653873932709e+02 1.299608137350484682e+01
1.260410607828890761e+02 1.856583053357835356e+00
1.265194246044640352e+02 1.113949832014701258e+01
1.267190749312475049e+02 7.426332213431341422e+00
1.277410896412300758e+02 1.670924748022051887e+01
1.281071292641536559e+02 9.282915266789176556e+00
1.281071292641536559e+02 9.282915266789176556e+00
1.282422403804312694e+02 5.569749160073506289e+00
1.289036098292011729e+02 3.713166106715670711e+00
1.289310316856343945e+02 1.113949832014701258e+01
1.289310316856344514e+02 3.713166106715670711e+00
1.289606270275451152e+02 1.113949832014701258e+01
1.300203010800278491e+02 9.282915266789176556e+00
1.300203010800279060e+02 9.282915266789176556e+00
1.301510367795140724e+02 7.426332213431341422e+00
1.318130556911160909e+02 7.426332213431341422e+00
1.319122167757453212e+02 1.113949832014701258e+01
1.319383995790977622e+02 5.569749160073506289e+00
1.322887162342274792e+02 7.426332213431341422e+00
1.324986506401673410e+02 1.299608137350484682e+01
1.331710998110056039e+02 7.426332213431341422e+00
1.334140635639450352e+02 9.282915266789176556e+00
1.334473357060844592e+02 7.426332213431341422e+00
1.335536703741113342e+02 1.299608137350484682e+01
1.337096116435893691e+02 1.856583053357835356e+00
1.343174677040657627e+02 9.282915266789176556e+00
1.349328435053498652e+02 7.426332213431341422e+00
1.356310564337450160e+02 1.299608137350484682e+01
1.356993086260212351e+02 9.282915266789176556e+00
1.356993086260212351e+02 9.282915266789176556e+00
1.368092215023458778e+02 7.426332213431341422e+00
1.370686589914259628e+02 7.426332213431341422e+00
1.373186222090330659e+02 5.569749160073506289e+00
1.381793673433641914e+02 5.569749160073506289e+00
1.381793673433641914e+02 9.282915266789176556e+00
1.393810667579264475e+02 1.299608137350484682e+01
1.405767342292834314e+02 9.282915266789176556e+00
1.406827977616810301e+02 9.282915266789176556e+00
1.406827977616810301e+02 9.282915266789176556e+00
1.409619288813849494e+02 1.113949832014701258e+01
1.410843972166049980e+02 1.299608137350484682e+01
1.414584637874044120e+02 1.299608137350484682e+01
1.415770035129658027e+02 9.282915266789176556e+00
1.415770035129658311e+02 9.282915266789176556e+00
1.424605240009881868e+02 7.426332213431341422e+00
1.441802840240133037e+02 5.569749160073506289e+00
1.446985977096449005e+02 1.299608137350484682e+01
1.467465594148733317e+02 1.299608137350484682e+01
1.471830117070801123e+02 9.282915266789176556e+00
1.471830117070801123e+02 1.670924748022051887e+01
1.474768429829480567e+02 9.282915266789176556e+00
1.476296561647815508e+02 1.670924748022051887e+01
1.481303704071081597e+02 1.485266442686268284e+01
1.489323880009649201e+02 1.299608137350484682e+01
1.490779943907213578e+02 1.299608137350484682e+01
1.496214453445594188e+02 7.426332213431341422e+00
1.500807838335980193e+02 1.299608137350484682e+01
1.531673946096235852e+02 1.113949832014701258e+01
1.538010083769609651e+02 1.670924748022051887e+01
1.538010083769610219e+02 1.670924748022051887e+01
1.546243793093999841e+02 9.282915266789018460e+00
1.554814531662243269e+02 2.413557969365185940e+01
1.561903679015438513e+02 2.413557969365185940e+01
1.573910376805902160e+02 1.485266442686268284e+01
1.595642284733791882e+02 1.856583053357835311e+01
1.604794961720173490e+02 2.413557969365185940e+01
1.615540702515866940e+02 2.042241358693603459e+01
1.620922333311773400e+02 2.599216274700969365e+01
1.629268770729820233e+02 2.970532885372536569e+01
1.635049922932226139e+02 2.227899664029402516e+01
1.635583058651474460e+02 2.413557969365170308e+01
1.635966074977610845e+02 2.599216274700969365e+01
1.671524795206425154e+02 2.042241358693618736e+01
1.672970706602950770e+02 2.227899664029402516e+01
1.674047775958324280e+02 3.341849496044103773e+01
1.681033403724305231e+02 2.970532885372536569e+01
1.699308186317925617e+02 2.599216274700969365e+01
1.699977770320291484e+02 4.084482717387237471e+01
1.711868278308645301e+02 2.413557969365185940e+01
1.725656606759428655e+02 2.413557969365170308e+01
1.729032935227740495e+02 2.599216274700969365e+01
1.729032935227740495e+02 3.341849496044103773e+01
1.733568128052471025e+02 2.784874580036753144e+01
1.742543708555417652e+02 2.970532885372536569e+01
1.760834152176046246e+02 2.599216274700969365e+01
1.769782880962224283e+02 2.599216274700969365e+01
1.780604541715457856e+02 2.970532885372536569e+01
1.796828861510725517e+02 3.156191190708319994e+01
1.804739416888061783e+02 3.527507801379887553e+01
1.806119486954623596e+02 3.898824412051438770e+01
1.808830082825293744e+02 2.970532885372536569e+01
1.812459042894845709e+02 2.970532885372536569e+01
1.820658389999611018e+02 2.970532885372536569e+01
1.826007426718797717e+02 3.898824412051438770e+01
1.846079556879863048e+02 3.713166106715670622e+01
1.861182863091539161e+02 3.156191190708319994e+01
1.862570799256431258e+02 3.527507801379871211e+01
1.869831836230405031e+02 2.970532885372536569e+01
1.886112850498725777e+02 3.527507801379871211e+01
1.888588664926688807e+02 2.970532885372536569e+01
1.890615911743335573e+02 4.084482717387221840e+01
1.895750877359732556e+02 3.341849496044103773e+01
1.898824101947449776e+02 3.713166106715670622e+01
1.906031789174103039e+02 3.527507801379871211e+01
1.926520576459651011e+02 3.156191190708319994e+01
1.941365998208543431e+02 3.156191190708304362e+01
1.946074982585106738e+02 3.156191190708304362e+01
1.947565281073314907e+02 3.156191190708304362e+01
1.950304516200417595e+02 4.084482717387237471e+01
1.952663537447509441e+02 3.713166106715670622e+01
1.953400288809433505e+02 3.527507801379887553e+01
1.968349808424427465e+02 3.527507801379871211e+01
1.968514397253558457e+02 3.898824412051438770e+01
1.982688557771970750e+02 2.970532885372536569e+01
1.991998310642935621e+02 3.156191190708304362e+01
1.991998310642935621e+02 4.270141022723005619e+01
2.001077117781307777e+02 3.156191190708304362e+01
2.006477335794861574e+02 3.898824412051438770e+01
2.009585756721775454e+02 5.569749160073489946e+01
2.020142662426953564e+02 4.270141022723005619e+01
2.021731176164577732e+02 3.527507801379887553e+01
2.024857819557732341e+02 4.084482717387237471e+01
2.031021349068281268e+02 3.341849496044103773e+01
2.034465846506174387e+02 4.084482717387237471e+01
2.038263618320298747e+02 3.527507801379871211e+01
2.038424932273826187e+02 4.270141022723005619e+01
2.044705585358905466e+02 4.641457633394572468e+01
2.051646665013722668e+02 4.641457633394572468e+01
2.056357456345510570e+02 3.527507801379871211e+01
2.060944857837071709e+02 3.713166106715670622e+01
2.061986787776476433e+02 3.156191190708304362e+01
2.062943121344611370e+02 2.599216274700969365e+01
2.081878702339705285e+02 4.084482717387237471e+01
2.086314719115902676e+02 4.641457633394572468e+01
2.096989182755866921e+02 4.455799328058789399e+01
2.100875111976762639e+02 3.341849496044103773e+01
2.101431545490895871e+02 3.527507801379887553e+01
2.111440741708116775e+02 4.641457633394572468e+01
2.117364845171511831e+02 4.641457633394572468e+01
2.123991898282728812e+02 4.270141022723005619e+01
2.136733638614175561e+02 3.898824412051438770e+01
2.147617558646228417e+02 3.527507801379871211e+01
2.151740590849396426e+02 4.084482717387237471e+01
2.157870587171463796e+02 3.898824412051438770e+01
2.161532987129141077e+02 3.713166106715670622e+01
2.186999278537991813e+02 3.898824412051438770e+01
2.202955122660143843e+02 4.084482717387237471e+01
2.204811937237123800e+02 4.084482717387221840e+01
2.212152644744220424e+02 4.084482717387221840e+01
2.213985148134019312e+02 4.270141022723021251e+01
2.221600705017583834e+02 3.713166106715670622e+01
2.226818456302364382e+02 3.341849496044087431e+01
2.238246278555443212e+02 1.856583053357835311e+01
2.250466043156868068e+02 3.898824412051438770e+01
2.254540466248147652e+02 2.413557969365185940e+01
2.254856129646149157e+02 3.341849496044103773e+01
2.255752416548026247e+02 4.084482717387237471e+01
2.262019880297646068e+02 4.084482717387237471e+01
2.287023548900749859e+02 3.898824412051438770e+01
2.295941632210529519e+02 2.970532885372536569e+01
2.295997974908476635e+02 3.527507801379871211e+01
2.315692322629043076e+02 4.270141022723005619e+01
2.332440044722797268e+02 3.527507801379887553e+01
2.337531928531887786e+02 4.084482717387237471e+01
2.337595157880606109e+02 4.641457633394572468e+01
2.348398343827559529e+02 3.341849496044103773e+01
2.351894085692289309e+02 3.898824412051438770e+01
2.357196729581069690e+02 3.527507801379871211e+01
2.357949533227246661e+02 2.970532885372536569e+01
2.366398614048767115e+02 4.084482717387221840e+01
2.370859848498969313e+02 4.084482717387237471e+01
2.371125817966361637e+02 2.599216274700969365e+01
2.396559066006705905e+02 3.527507801379871211e+01
2.402330401031543659e+02 3.527507801379871211e+01
2.417467986275636633e+02 4.270141022723005619e+01
2.417566477300540271e+02 4.455799328058805031e+01
2.420618613408119018e+02 4.084482717387221840e+01
2.424812819784620785e+02 3.527507801379871211e+01
2.430333169912486824e+02 3.156191190708304362e+01
2.432125847717304623e+02 4.084482717387237471e+01
2.435548523323170684e+02 3.527507801379871211e+01
2.447485399187693247e+02 3.156191190708304362e+01
2.467129202205174749e+02 3.898824412051438770e+01
2.468123041163950404e+02 4.270141022723005619e+01
2.468233130617639972e+02 3.527507801379887553e+01
2.469865175002254034e+02 2.970532885372536569e+01
2.476893190912077216e+02 2.784874580036753144e+01
2.485279235673113192e+02 3.713166106715670622e+01
2.487646855534915176e+02 4.084482717387237471e+01
2.489768138180477592e+02 3.898824412051438770e+01
2.498615047169623722e+02 3.527507801379887553e+01
2.504364114748357508e+02 3.527507801379871211e+01
2.509369995553647925e+02 3.713166106715670622e+01
2.513242632974502726e+02 3.341849496044103773e+01
2.514392568064408522e+02 3.156191190708304362e+01
2.520155435152820758e+02 4.270141022723005619e+01
2.526360057360548126e+02 3.898824412051438770e+01
2.529752990207189782e+02 4.084482717387237471e+01
2.535254174080599228e+02 2.970532885372536569e+01
2.547829522900372581e+02 3.341849496044103773e+01
2.562142585283074254e+02 3.527507801379871211e+01
2.573096198210933494e+02 3.527507801379871211e+01
2.581903829112779931e+02 3.156191190708304362e+01
2.587197708477559672e+02 2.970532885372536569e+01
2.587241159549776626e+02 2.970532885372536569e+01
2.596450184531121863e+02 2.970532885372536569e+01
2.599040365668345771e+02 1.856583053357835311e+01
2.601981081057762140e+02 4.641457633394572468e+01
2.603809775799571185e+02 2.599216274700969365e+01
2.605890919007349567e+02 4.455799328058805031e+01
2.612408265203858946e+02 4.270141022723005619e+01
2.623830719591588831e+02 3.527507801379871211e+01
2.631452563250054482e+02 2.413557969365170308e+01
2.632971524119025162e+02 3.527507801379887553e+01
2.638144461742752469e+02 2.413557969365170308e+01
2.643264695027672815e+02 3.713166106715654990e+01
2.670002881457585886e+02 4.827115938730356248e+01
2.674441165443473096e+02 2.970532885372536569e+01
2.674874623902080089e+02 4.084482717387221840e+01
2.681519166700147139e+02 4.084482717387237471e+01
2.686349354081315823e+02 3.527507801379871211e+01
2.688527077968299182e+02 3.341849496044103773e+01
2.691654070764737980e+02 2.599216274700969365e+01
2.698781232217925776e+02 5.012774244066139318e+01
2.712621128674900319e+02 3.156191190708304362e+01
2.716194124532228216e+02 4.084482717387237471e+01
2.716539535133223922e+02 3.527507801379887553e+01
2.724827338758377664e+02 4.827115938730356248e+01
2.734020349475616740e+02 4.084482717387221840e+01
2.736184430046918123e+02 2.784874580036753144e+01
2.737233423364394298e+02 4.084482717387237471e+01
2.737431803443293461e+02 4.641457633394572468e+01
2.753704994226215490e+02 4.084482717387237471e+01
2.756586494310897137e+02 2.784874580036753144e+01
2.770280276119697191e+02 4.270141022723005619e+01
2.777167784467750948e+02 3.898824412051454402e+01
2.780741781332354208e+02 4.827115938730356248e+01
2.783427341298209967e+02 2.599216274700969365e+01
2.791994220528918049e+02 4.827115938730371880e+01
2.794074529866260264e+02 4.084482717387221840e+01
2.795954843178863030e+02 5.198432549401923097e+01
2.808166727187414722e+02 6.683698992088190494e+01
2.812661086063477001e+02 4.084482717387237471e+01
2.815243587188637662e+02 2.599216274700969365e+01
2.826378243821929459e+02 5.941065770745057506e+01
2.832061817084717745e+02 4.084482717387237471e+01
2.833247116619042458e+02 2.784874580036753144e+01
2.837593719940122696e+02 2.970532885372536569e+01
2.842922250143366227e+02 4.270141022723005619e+01
2.846930603642453548e+02 5.384090854737706167e+01
2.850987121660689354e+02 4.641457633394572468e+01
2.856957382836778834e+02 4.641457633394572468e+01
2.865553046730469759e+02 5.755407465409274437e+01
2.869649187436257876e+02 5.198432549401938729e+01
2.873525701954857823e+02 4.084482717387237471e+01
2.881701751780766472e+02 5.012774244066139318e+01
2.885510286563239788e+02 2.599216274700969365e+01
2.901046576113990341e+02 5.755407465409274437e+01
2.905088361934849672e+02 4.455799328058789399e+01
2.911525790596186312e+02 5.755407465409274437e+01
2.916682955121430609e+02 5.198432549401923097e+01
2.934931188297466633e+02 5.012774244066139318e+01
2.937711233872053640e+02 3.898824412051454402e+01
2.943660234141603382e+02 4.641457633394572468e+01
2.980171631988616241e+02 6.126724076080841286e+01
3.002494972290648434e+02 5.569749160073489946e+01
3.009565039654858083e+02 4.641457633394572468e+01
3.019054818952535584e+02 4.641457633394572468e+01
3.020732875082430837e+02 4.641457633394572468e+01
3.030016799134139092e+02 5.569749160073506289e+01
3.030647453429459119e+02 5.012774244066139318e+01
3.046385341411440777e+02 5.569749160073489946e+01
3.056791841007187713e+02 5.569749160073506289e+01
3.057395427480448120e+02 5.755407465409274437e+01
3.059730720679508522e+02 5.755407465409274437e+01
3.065971927091065936e+02 4.455799328058805031e+01
3.073229591220813859e+02 4.641457633394572468e+01
3.076327986381946289e+02 4.641457633394572468e+01
3.076732339898553050e+02 5.755407465409274437e+01
3.077469997520584002e+02 4.641457633394572468e+01
3.079162783575237086e+02 4.270141022723005619e+01
3.109629063324485401e+02 5.755407465409274437e+01
3.115468189489580482e+02 5.569749160073506289e+01
3.116355037341449474e+02 6.312382381416639987e+01
3.118449117312565022e+02 6.126724076080841286e+01
3.133157255908947150e+02 4.455799328058805031e+01
3.139845226316701314e+02 5.755407465409274437e+01
3.140096967257758820e+02 5.384090854737706167e+01
3.140957210921483238e+02 4.455799328058805031e+01
3.153909954070300614e+02 6.312382381416624355e+01
3.165167527804468932e+02 5.755407465409274437e+01
3.171611555878848208e+02 4.827115938730356248e+01
3.175413458123816213e+02 5.569749160073489946e+01
3.192891525361913523e+02 5.198432549401938729e+01
3.194792648888131907e+02 6.312382381416624355e+01
3.195257360102526718e+02 4.455799328058805031e+01
3.209641973623014337e+02 6.312382381416624355e+01
3.226056267121217047e+02 5.384090854737706167e+01
3.232097302267050623e+02 4.641457633394572468e+01
3.233849461023570484e+02 6.126724076080841286e+01
3.239958277050392326e+02 6.869357297423974273e+01
3.250507527000696655e+02 4.455799328058805031e+01
3.253869340609058440e+02 5.569749160073506289e+01
3.269951741440706883e+02 5.941065770745057506e+01
3.271166117302947214e+02 6.126724076080841286e+01
3.272364467023522820e+02 6.869357297423974273e+01
3.289974098861032417e+02 5.012774244066139318e+01
3.306660091124594487e+02 4.455799328058805031e+01
3.306748581413802981e+02 6.498040686752408135e+01
3.323339459555786561e+02 6.126724076080841286e+01
3.325325460537970343e+02 4.084482717387237471e+01
3.331010813680602496e+02 6.683698992088190494e+01
3.332881582483378793e+02 4.641457633394572468e+01
3.334632373365485591e+02 6.126724076080841286e+01
3.342312887912795532e+02 5.198432549401923097e+01
3.350431024413028354e+02 4.641457633394572468e+01
3.370180732080992243e+02 4.084482717387237471e+01
3.376494446795280169e+02 6.126724076080841286e+01
3.379262744255148050e+02 6.312382381416624355e+01
3.392952044076292282e+02 6.683698992088190494e+01
3.402923788231360049e+02 3.713166106715670622e+01
3.408479749565117345e+02 4.641457633394572468e+01
3.409560704534092110e+02 3.527507801379871211e+01
3.419521487622581617e+02 4.270141022723005619e+01
3.423736556617290603e+02 2.784874580036753144e+01
3.437496891973418656e+02 4.455799328058789399e+01
3.443553151998431758e+02 5.941065770745057506e+01
3.449609155580142783e+02 3.713166106715670622e+01
3.454568276583624424e+02 4.084482717387237471e+01
3.455529813978599805e+02 5.941065770745057506e+01
3.461979240676369045e+02 2.599216274700969365e+01
3.479119360630874098e+02 3.527507801379871211e+01
3.495591311065206241e+02 4.084482717387221840e+01
3.507385064119166032e+02 5.755407465409274437e+01
3.510990002073640426e+02 3.713166106715670622e+01
3.512845430847011698e+02 3.527507801379871211e+01
3.527390986856518680e+02 1.299608137350469050e+01
3.530177296137414942e+02 2.599216274700969365e+01
3.538417903587706519e+02 5.198432549401923097e+01
3.539425087824145066e+02 3.713166106715670622e+01
3.549452952324261332e+02 3.156191190708304362e+01
3.549452952324261332e+02 5.384090854737706167e+01
3.550359658917713546e+02 2.227899664029402516e+01
3.552860739420321465e+02 3.713166106715670622e+01
3.553990683056165381e+02 2.413557969365185940e+01
3.561480088035370954e+02 3.527507801379871211e+01
3.570220742582612274e+02 2.970532885372536569e+01
3.581961583776737825e+02 4.827115938730356248e+01
3.585828820756693176e+02 3.156191190708304362e+01
3.592091988984710724e+02 2.413557969365185940e+01
3.592869960090905010e+02 4.641457633394572468e+01
3.595922727495222944e+02 3.713166106715670622e+01
3.608002481783627218e+02 4.084482717387237471e+01
3.611331070569662529e+02 4.455799328058789399e+01
3.620823421486001052e+02 3.156191190708319994e+01
3.623505566730146938e+02 3.156191190708304362e+01
3.637896081038757075e+02 4.827115938730371880e+01
3.637909549021017028e+02 4.270141022723005619e+01
3.638304196234403207e+02 4.455799328058805031e+01
3.641316779999223172e+02 3.156191190708304362e+01
3.648270320814697243e+02 4.455799328058789399e+01
3.649426943285914149e+02 3.156191190708304362e+01
3.654441650998066962e+02 2.413557969365185940e+01
3.675012423177263940e+02 2.599216274700969365e+01
3.679413801882042776e+02 2.970532885372536569e+01
3.684615141744669131e+02 3.156191190708304362e+01
3.686921074573699570e+02 4.455799328058805031e+01
3.690509712292385984e+02 2.970532885372536569e+01
3.691529448270979401e+02 2.784874580036737157e+01
3.692267318891858281e+02 4.641457633394572468e+01
3.695448324108499492e+02 3.898824412051438770e+01
3.700693803307759708e+02 4.084482717387237471e+01
3.713436226259490240e+02 4.455799328058805031e+01
3.717786991128469367e+02 2.042241358693618736e+01
3.721935856639629492e+02 2.413557969365185940e+01
3.736520946720841607e+02 4.455799328058805031e+01
3.747352181918309952e+02 9.282915266789176556e+00
3.749039523414149357e+02 2.970532885372536569e+01
3.751984088553982701e+02 2.784874580036737157e+01
3.753049059837823620e+02 3.713166106715670622e+01
3.757430908655775283e+02 4.084482717387237471e+01
3.757759057420325348e+02 2.784874580036753144e+01
3.762577589465067831e+02 3.156191190708304362e+01
3.767115811175168574e+02 7.426332213431341422e+00
3.772225700997449849e+02 2.413557969365170308e+01
3.775435297940805981e+02 9.282915266789176556e+00
3.795244017707222497e+02 2.413557969365185940e+01
3.800797284503147466e+02 2.413557969365185940e+01
3.838516497766657949e+02 2.227899664029402516e+01
3.845915424873189750e+02 2.599216274700969365e+01
3.851366988980081487e+02 4.270141022723005619e+01
3.853201424622494642e+02 3.527507801379871211e+01
3.859441307158308518e+02 1.113949832014701258e+01
3.863819283792592501e+02 1.856583053357835311e+01
3.867833342565377279e+02 1.670924748022051887e+01
3.869263526121332575e+02 2.413557969365185940e+01
3.871765995077078060e+02 1.299608137350484682e+01
3.905848996874955219e+02 9.282915266789176556e+00
3.906316463135998447e+02 2.227899664029402516e+01
3.972181721726661863e+02 5.012774244066139318e+01
