# data from file /Users/tpaneque/Documents/MAPS/imlup/IM_Lup_13CO_220GHz.robust_0.5.JvMcorr.image.fits
# parameters used:
# PA: 144.5
# inc: 47.5
# dist: 158.0 
# vsys: 4.5
# r[au] h[au]
3.375109112223767482e+01 1.431077043146199124e+01
3.873931723699992347e+01 7.155385215730995618e+00
3.994818817282547485e+01 5.724308172584796850e+00
4.872385611931994021e+01 5.724308172584796850e+00
5.032349160910836616e+01 -0.000000000000000000e+00
5.191235611796113147e+01 1.431077043146199212e+00
5.367808701959435069e+01 8.586462258877194387e+00
5.403647414950017946e+01 4.293231129438597193e+00
5.495782933432435158e+01 1.431077043146199212e+00
5.628878783318575074e+01 -0.000000000000000000e+00
5.647772966096172809e+01 1.431077043146199212e+00
5.751304068219936738e+01 2.862154086292398425e+00
6.006726110145281439e+01 1.431077043146199212e+00
6.072845929214071248e+01 4.293231129438597193e+00
6.115114143881585562e+01 1.287969338831579158e+01
6.155212805706764811e+01 -0.000000000000000000e+00
6.216797971589278404e+01 1.431077043146199212e+00
6.285473931277654458e+01 1.001753930202339404e+01
6.526114028329197936e+01 1.431077043146199212e+00
6.628094979407549658e+01 8.586462258877194387e+00
6.725117437854241587e+01 8.586462258877194387e+00
6.869512149556203440e+01 1.144861634516959370e+01
6.880839645748636713e+01 4.293231129438597193e+00
6.946133137481960773e+01 7.155385215730995618e+00
6.990932930244449039e+01 1.001753930202339404e+01
7.107858988660387922e+01 2.862154086292398425e+00
7.278747485710324838e+01 -0.000000000000000000e+00
7.278747485710324838e+01 2.862154086292398425e+00
7.363061027433104755e+01 5.724308172584796850e+00
7.363061027433109018e+01 5.724308172584796850e+00
7.401977902846039115e+01 7.155385215730995618e+00
7.405321188865320892e+01 7.155385215730995618e+00
7.508354336116774164e+01 5.724308172584796850e+00
7.511297534287130873e+01 5.724308172584796850e+00
7.699170837218062502e+01 1.431077043146199212e+00
7.699170837218062502e+01 1.001753930202339404e+01
7.745658239283648072e+01 1.431077043146077310e+00
7.747863447399974746e+01 5.724308172584796850e+00
7.747863447399974746e+01 5.724308172584796850e+00
7.868129272131082530e+01 1.001753930202339404e+01
7.907395189679208158e+01 5.724308172584796850e+00
7.989205055035267833e+01 1.001753930202339404e+01
7.989637634565085023e+01 2.862154086292398425e+00
8.047609159801274359e+01 4.293231129438597193e+00
8.049230717780631039e+01 4.293231129438597193e+00
8.097263404622678706e+01 1.144861634516959370e+01
8.121082022926749744e+01 1.717292451775438877e+01
8.162071081912318959e+01 5.724308172584796850e+00
8.162071081912318959e+01 5.724308172584796850e+00
8.180989034005750682e+01 1.001753930202339404e+01
8.196259813502969394e+01 1.431077043146199124e+01
8.215994480564398827e+01 8.586462258877194387e+00
8.261528028907775933e+01 7.155385215730995618e+00
8.387174895390225515e+01 4.293231129438597193e+00
8.387174895390225515e+01 7.155385215730995618e+00
8.485388045575280103e+01 1.001753930202339404e+01
8.494371168564894958e+01 1.144861634516959370e+01
8.494435092192789227e+01 1.287969338831579158e+01
8.508816498918493210e+01 1.001753930202339404e+01
8.551663575045773769e+01 1.860400156090070922e+01
8.626956102329906173e+01 1.431077043146199124e+01
8.643803932686290636e+01 1.001753930202339404e+01
8.697308418864882640e+01 1.717292451775438877e+01
8.709924625219882444e+01 1.431077043146199212e+00
8.790344883711607338e+01 7.155385215730995618e+00
8.819843437709339184e+01 2.862154086292398425e+00
8.819843437709339184e+01 2.862154086292398425e+00
8.870633450912190199e+01 1.431077043146077310e+00
8.902842646864965559e+01 4.293231129438597193e+00
8.902842646864965559e+01 1.287969338831579158e+01
8.931140498261169114e+01 1.431077043146077310e+00
8.939088429876376551e+01 1.144861634516959370e+01
8.960805542118949063e+01 1.287969338831579158e+01
9.079344821633812046e+01 1.001753930202339404e+01
9.223778659377400402e+01 1.431077043146199124e+01
9.259331566217032616e+01 1.431077043146199124e+01
9.269856886376284422e+01 1.144861634516959370e+01
9.283311882839221596e+01 5.724308172584796850e+00
9.350477649820918202e+01 5.724308172584796850e+00
9.352218230101833285e+01 1.431077043146199124e+01
9.389121917858912525e+01 1.860400156090070922e+01
9.394258166180850367e+01 8.586462258877194387e+00
9.431426599650318110e+01 7.155385215730995618e+00
9.445207273143516602e+01 7.155385215730995618e+00
9.484784368359548523e+01 7.155385215730995618e+00
9.493024650882244941e+01 1.431077043146199124e+01
9.526653911510220496e+01 4.293231129438597193e+00
9.546977677259077666e+01 2.432830973348538706e+01
9.654021793888054503e+01 1.431077043146199212e+00
9.667718364953324794e+01 1.717292451775438877e+01
9.702825209958685093e+01 5.724308172584796850e+00
9.725976034591263897e+01 1.860400156090058843e+01
9.751983477608462181e+01 1.717292451775438877e+01
9.766826796969176883e+01 1.001753930202339404e+01
9.794500361330860017e+01 1.431077043146199124e+01
9.798216516318609592e+01 8.586462258877194387e+00
9.813063681471345490e+01 1.860400156090070922e+01
9.865416712014270217e+01 1.574184747460831346e+01
9.911587212043161799e+01 1.001753930202339404e+01
9.917488414230206217e+01 2.719046381977790361e+01
9.945005829178643353e+01 7.155385215730995618e+00
1.005208790081597243e+02 2.862154086292398425e+00
1.006469832182167323e+02 1.431077043146199124e+01
1.012249382508262556e+02 1.574184747460819267e+01
1.014930306430309912e+02 1.431077043146199212e+00
1.017095715969611263e+02 5.724308172584796850e+00
1.022435091693479308e+02 8.586462258877194387e+00
1.025577011455922900e+02 1.574184747460819267e+01
1.028870265060320861e+02 1.001753930202339404e+01
1.030077419743611529e+02 -0.000000000000000000e+00
1.033727195499775888e+02 1.144861634516959370e+01
1.036492454608226410e+02 8.586462258877194387e+00
1.048780785983712320e+02 1.860400156090070922e+01
1.050453044444252413e+02 1.860400156090070922e+01
1.053753520611267760e+02 7.155385215730995618e+00
1.061796396070611195e+02 1.431077043146199212e+00
1.062910571600522331e+02 2.432830973348550785e+01
1.063376682716274644e+02 1.860400156090070922e+01
1.065125381437396328e+02 1.717292451775438877e+01
1.067046903722459774e+02 1.144861634516959370e+01
1.072398471759260019e+02 8.586462258877194387e+00
1.075019107061186503e+02 1.287969338831579158e+01
1.076107510260696358e+02 1.431077043146199212e+00
1.082123813728559156e+02 1.001753930202339404e+01
1.086407724983347975e+02 1.431077043146199124e+01
1.090405125352228168e+02 8.586462258877194387e+00
1.098232352848185229e+02 1.574184747460819267e+01
1.099156586686487032e+02 1.717292451775438877e+01
1.099250911149962064e+02 2.146615564719310854e+01
1.102793986516973064e+02 1.431077043146199212e+00
1.105244879659235266e+02 1.287969338831579158e+01
1.111055286079631657e+02 4.293231129438597193e+00
1.113885812409025533e+02 1.287969338831579158e+01
1.115052882318426839e+02 1.001753930202339404e+01
1.115052882318426839e+02 1.860400156090058843e+01
1.118734368320837973e+02 2.289723269033918740e+01
1.126694630143070128e+02 5.724308172584796850e+00
1.126694630143070128e+02 1.431077043146199124e+01
1.132348326039520288e+02 1.001753930202339404e+01
1.146579646902214478e+02 8.586462258877194387e+00
1.151181875611475363e+02 1.431077043146199124e+01
1.151644557649368039e+02 1.287969338831579158e+01
1.151644557649368608e+02 1.574184747460819267e+01
1.155424112360113611e+02 2.289723269033918740e+01
1.170279106028438747e+02 1.431077043146199124e+01
1.180228140814393925e+02 7.155385215730995618e+00
1.184169422281027124e+02 1.144861634516959370e+01
1.184222790612244012e+02 1.001753930202339404e+01
1.190860026200038959e+02 2.719046381977790361e+01
1.191347914001510020e+02 8.586462258877194387e+00
1.191642540572660920e+02 2.289723269033918740e+01
1.196886387655887773e+02 5.724308172584796850e+00
1.201345222029056288e+02 1.144861634516959370e+01
1.204200642194546589e+02 5.724308172584796850e+00
1.207404031177882899e+02 1.574184747460831346e+01
1.207404031177883894e+02 1.287969338831579158e+01
1.211647602265329624e+02 1.144861634516959370e+01
1.212393485648502747e+02 2.432830973348550785e+01
1.212855209905993803e+02 5.724308172584796850e+00
1.213466903493218894e+02 1.431077043146199124e+01
1.220540241682481621e+02 4.293231129438476401e+00
1.221180833581789642e+02 1.001753930202339404e+01
1.228062608618820093e+02 1.001753930202339404e+01
1.228466729691272263e+02 1.144861634516959370e+01
1.229438972025444343e+02 1.001753930202351661e+01
1.232399172084659540e+02 1.431077043146199124e+01
1.237402754705809258e+02 1.860400156090070922e+01
1.237540007815380534e+02 1.431077043146199124e+01
1.237629903528876270e+02 8.586462258877194387e+00
1.240134681315677625e+02 1.144861634516959370e+01
1.247897815033369682e+02 8.586462258877194387e+00
1.250577732912723405e+02 2.146615564719310854e+01
1.257094786255531460e+02 2.575938677663158316e+01
1.257311179707465953e+02 2.289723269033918740e+01
1.267071725477454152e+02 2.146615564719310854e+01
1.271681668798158569e+02 2.719046381977790361e+01
1.275451459722757477e+02 1.001753930202339404e+01
1.279220949650807171e+02 -0.000000000000000000e+00
1.285730808041427338e+02 2.146615564719310854e+01
1.288056452210956309e+02 1.860400156090070922e+01
1.295186748389438947e+02 1.001753930202339404e+01
1.298548576474271101e+02 1.431077043146199124e+01
1.309774990998319879e+02 1.431077043146199124e+01
1.314602641259725431e+02 2.289723269033918740e+01
1.322833197934697864e+02 1.860400156090070922e+01
1.322881595549806377e+02 2.146615564719310854e+01
1.326690990374646617e+02 1.860400156090070922e+01
1.337780892327050140e+02 1.717292451775438877e+01
1.353715820731389101e+02 1.717292451775438877e+01
1.356564738420600804e+02 2.719046381977790361e+01
1.360290453268397073e+02 2.146615564719310854e+01
1.361866616578049616e+02 2.432830973348550785e+01
1.363078904882977440e+02 2.146615564719310854e+01
1.363127319379371158e+02 7.155385215730995618e+00
1.364539679317204843e+02 7.155385215730995618e+00
1.372770314555656910e+02 2.146615564719310854e+01
1.375978719712808243e+02 1.860400156090070922e+01
1.383896019250479696e+02 1.860400156090070922e+01
1.394245563918761945e+02 1.287969338831579158e+01
1.397488283382702150e+02 1.431077043146199124e+01
1.398175992511141885e+02 2.146615564719310854e+01
1.400488127501546956e+02 2.289723269033918740e+01
1.411174950033495747e+02 2.862154086292398247e+01
1.412017314332563558e+02 1.574184747460819267e+01
1.414769537841871738e+02 2.146615564719310854e+01
1.417854010083941887e+02 1.574184747460819267e+01
1.423759829835738344e+02 2.719046381977790361e+01
1.424203412688016215e+02 2.575938677663158316e+01
1.425987667845785154e+02 2.719046381977790361e+01
1.426907911793878725e+02 2.719046381977790361e+01
1.432486575025535274e+02 2.289723269033918740e+01
1.437600619316293944e+02 2.003507860404678809e+01
1.437858865187796766e+02 8.586462258877194387e+00
1.441786947979108220e+02 2.575938677663158316e+01
1.447554883181682044e+02 1.431077043146199124e+01
1.447664022645961950e+02 5.724308172584796850e+00
1.454367773747952128e+02 1.431077043146199124e+01
1.455861413571788034e+02 1.860400156090070922e+01
1.456681443706443133e+02 1.860400156090058843e+01
1.461577411630112238e+02 3.005261790607030647e+01
1.461924301569443401e+02 2.146615564719298774e+01
1.466561407012524114e+02 2.719046381977790361e+01
1.469175054199627652e+02 2.719046381977790361e+01
1.479024861738689367e+02 2.862154086292398247e+01
1.491321370366698602e+02 2.719046381977790361e+01
1.491854962460679985e+02 3.434584903550877755e+01
1.495233046239092687e+02 1.860400156090058843e+01
1.499438033089502937e+02 1.860400156090070922e+01
1.510299517864360723e+02 1.717292451775438877e+01
1.514973233059238282e+02 2.575938677663158316e+01
1.518874814165209557e+02 3.005261790607030647e+01
1.533254756212791392e+02 2.146615564719310854e+01
1.539171043825746210e+02 1.144861634516959370e+01
1.539520867732032912e+02 3.577692607865510155e+01
1.542209043193516607e+02 5.724308172584796850e+00
1.544249809024521767e+02 3.148369494921638534e+01
1.549131647856729046e+02 2.003507860404678809e+01
1.549131647856729046e+02 2.862154086292398247e+01
1.559872268791712884e+02 2.289723269033918740e+01
1.561567488014539151e+02 1.860400156090070922e+01
1.564293841557129667e+02 2.862154086292398247e+01
1.566058366528376382e+02 4.436338833753229949e+01
1.567853127387116388e+02 3.291477199236270224e+01
1.575089472780254027e+02 2.289723269033918740e+01
1.575442503504157514e+02 1.431077043146199124e+01
1.576548709184471306e+02 3.577692607865510155e+01
1.581532109445823835e+02 2.719046381977790361e+01
1.581656976562429406e+02 3.291477199236270224e+01
1.585746338563037341e+02 2.146615564719310854e+01
1.585950681745081283e+02 3.577692607865510155e+01
1.591111718204568604e+02 2.719046381977790361e+01
1.592399494762355232e+02 8.586462258877194387e+00
1.597645502188524631e+02 1.001753930202339404e+01
1.597645502188524631e+02 1.860400156090058843e+01
1.600420632113060719e+02 1.001753930202339404e+01
1.602110749109409937e+02 1.287969338831579158e+01
1.623415716028222846e+02 4.007015720809369697e+01
1.625581525791564559e+02 2.146615564719310854e+01
1.634104884358330310e+02 3.577692607865510155e+01
1.634821714127926384e+02 1.860400156090058843e+01
1.645767421166773943e+02 1.287969338831579158e+01
1.649722409922066504e+02 1.001753930202339404e+01
1.653793933193278178e+02 3.148369494921638534e+01
1.653911259391151987e+02 2.289723269033918740e+01
1.655264022319083494e+02 2.289723269033918740e+01
1.669871653084382785e+02 7.155385215730995618e+00
1.674639761651930030e+02 3.005261790607030647e+01
1.688301819324904329e+02 3.291477199236270224e+01
1.689097080347287658e+02 4.007015720809357617e+01
1.699818502765378412e+02 3.577692607865510155e+01
1.703137969710269886e+02 3.148369494921638534e+01
1.708591384795689407e+02 1.001753930202339404e+01
1.709275247488170351e+02 2.146615564719310854e+01
1.723561982453239807e+02 3.291477199236270224e+01
1.731099699320020306e+02 1.860400156090070922e+01
1.733214985407081485e+02 3.148369494921638534e+01
1.739461683772976528e+02 2.289723269033918740e+01
1.743721786953324226e+02 4.436338833753229949e+01
1.749384746483974311e+02 3.005261790607030647e+01
1.759027407014289963e+02 2.862154086292398247e+01
1.762926121646076183e+02 8.586462258877194387e+00
1.764400519761751127e+02 2.289723269033918740e+01
1.770318549772861729e+02 3.148369494921638534e+01
1.773569448668128814e+02 3.863908016494750086e+01
1.773900415668435642e+02 4.436338833753229949e+01
1.784577433265194486e+02 4.007015720809369697e+01
1.788530789260492213e+02 2.575938677663158316e+01
1.791528182499876323e+02 3.434584903550877755e+01
1.797704171433073270e+02 4.150123425123989307e+01
1.812590967496034580e+02 3.291477199236270224e+01
1.817903537437214538e+02 1.001753930202339404e+01
1.818139268274646838e+02 2.719046381977790361e+01
1.820111903818566077e+02 7.155385215730995618e+00
1.822048888514871408e+02 3.577692607865510155e+01
1.824210283611060106e+02 4.150123425123989307e+01
1.827266061643321677e+02 4.007015720809357617e+01
1.830487390453105263e+02 3.577692607865510155e+01
1.834909289237520795e+02 2.432830973348550785e+01
1.836720462315489328e+02 3.720800312180117686e+01
1.861516625469072039e+02 2.719046381977778637e+01
1.863313247056356090e+02 4.007015720809369697e+01
1.866882774496055220e+02 4.007015720809369697e+01
1.870095529964185062e+02 3.148369494921638534e+01
1.877693436919117858e+02 1.001753930202339404e+01
1.884930542358900709e+02 4.150123425123989307e+01
1.902041090390589773e+02 2.003507860404678809e+01
1.902507930401525869e+02 3.720800312180130476e+01
1.907467346915741473e+02 5.008769651011709101e+01
1.908271749088191882e+02 3.577692607865510155e+01
1.909579720822152922e+02 3.577692607865510155e+01
1.925589085444616160e+02 3.291477199236270224e+01
1.931141359372263935e+02 5.581200468270188964e+01
1.948016177046024779e+02 3.577692607865510155e+01
1.952658006084359954e+02 5.008769651011709101e+01
1.955758133320038326e+02 3.720800312180130476e+01
1.959199228709658200e+02 2.862154086292398247e+01
1.959854925870098157e+02 1.431077043146199124e+01
1.960502520559458333e+02 3.005261790607030647e+01
1.962612736294269666e+02 5.724308172584809284e+01
1.964601145659079862e+02 5.151877355326328711e+01
1.966008768367953792e+02 5.151877355326328711e+01
1.996435003191264741e+02 3.577692607865510155e+01
1.998766584248576805e+02 5.008769651011709101e+01
2.001233530253123547e+02 5.438092763955580722e+01
2.006011310613677665e+02 1.431077043146199212e+00
2.009644072028291646e+02 3.577692607865510155e+01
2.012939664364334931e+02 5.151877355326328711e+01
2.013099086510504208e+02 4.436338833753229949e+01
2.021995171817613084e+02 4.436338833753229949e+01
2.023926215386661909e+02 9.015785371821080219e+01
2.025243601676212961e+02 4.007015720809369697e+01
2.035631451180557008e+02 4.865661946697089490e+01
2.057845624687074064e+02 5.294985059640949032e+01
2.065986357930710824e+02 7.584708328674867062e+01
2.072984909216452536e+02 5.724308172584809284e+01
2.073828277033281893e+02 3.577692607865510155e+01
2.086866170329631416e+02 4.722554242382469880e+01
2.093493701614332565e+02 4.722554242382469880e+01
2.093995512932264944e+02 6.010523581214048505e+01
2.107409108828905175e+02 7.012277511416388620e+01
2.109462559616677595e+02 6.153631285528668826e+01
2.116985168919790112e+02 5.581200468270188964e+01
2.132357696598116092e+02 3.148369494921638534e+01
2.132357696598116092e+02 4.865661946697089490e+01
2.134336711255613181e+02 7.584708328674867062e+01
2.135942465596321256e+02 5.294985059640949032e+01
2.136210512137611772e+02 5.008769651011709101e+01
2.137569104408384817e+02 5.724308172584809284e+01
2.142212069645768793e+02 3.863908016494750086e+01
2.148639092649746658e+02 4.865661946697089490e+01
2.151519337822984426e+02 6.010523581214048505e+01
2.153659345142545192e+02 7.584708328674867062e+01
2.191204175954456730e+02 5.008769651011709101e+01
2.202768931388444003e+02 7.870923737304107703e+01
2.203607141928644921e+02 6.153631285528668826e+01
2.204627415687713210e+02 6.153631285528668826e+01
2.222697225504768426e+02 5.294985059640949032e+01
2.234399730021632422e+02 5.724308172584809284e+01
2.236824959805325079e+02 7.012277511416388620e+01
2.247181708847545281e+02 5.724308172584809284e+01
2.253389260286139688e+02 7.441600624360260952e+01
2.259109186438466850e+02 4.865661946697089490e+01
2.259571672363632899e+02 4.579446538067849559e+01
2.261771122288975278e+02 6.153631285528668826e+01
2.272293830352425914e+02 6.296738989843300516e+01
2.273365447559967265e+02 3.148369494921638534e+01
2.276154096617439393e+02 4.865661946697089490e+01
2.289607194557955552e+02 4.579446538067849559e+01
2.303653290381532202e+02 4.722554242382469880e+01
2.309611373890893447e+02 5.867415876899429605e+01
2.309611373890893447e+02 6.726062102787147978e+01
2.316315224311236989e+02 5.151877355326328711e+01
2.318200458778709958e+02 7.441600624360260952e+01
2.318972672733156344e+02 5.151877355326328711e+01
2.320232555948449829e+02 4.293231129438597549e+01
2.326579367888287493e+02 6.153631285528668826e+01
2.337527111622110567e+02 7.441600624360260952e+01
2.346104209290768097e+02 7.012277511416388620e+01
2.346593660750851598e+02 4.865661946697089490e+01
2.349114431630678155e+02 7.584708328674867062e+01
2.359337447815268547e+02 6.010523581214061295e+01
2.363445786541498137e+02 7.441600624360260952e+01
2.372821849577478304e+02 6.296738989843300516e+01
2.378501791968407701e+02 5.294985059640949032e+01
2.378721471330040629e+02 5.294985059640949032e+01
2.382830511916704097e+02 7.298492920045627841e+01
2.382833419572832554e+02 5.438092763955569353e+01
2.385479198482389336e+02 7.441600624360260952e+01
2.393369090028554638e+02 7.012277511416388620e+01
2.395046903945603276e+02 6.153631285528668826e+01
2.397375251178243900e+02 7.012277511416388620e+01
2.399558743349687973e+02 5.581200468270188964e+01
2.414855295119066341e+02 6.296738989843300516e+01
2.414877101863536950e+02 5.294985059640949032e+01
2.428620756809384034e+02 6.582954398472540447e+01
2.429298052368775700e+02 5.294985059640949032e+01
2.431817959443111761e+02 6.869169807101781089e+01
2.433700351821711649e+02 5.724308172584809284e+01
2.434609866721043829e+02 6.153631285528668826e+01
2.443075370064100582e+02 7.012277511416388620e+01
2.449125302048133221e+02 6.296738989843300516e+01
2.449554129079650693e+02 3.005261790607030647e+01
2.450188489438619399e+02 6.439846694157908757e+01
2.454877218752876047e+02 5.724308172584821364e+01
2.458428717740230525e+02 6.153631285528668826e+01
2.459024452395067044e+02 5.724308172584796495e+01
2.464535108330200615e+02 6.439846694157908757e+01
2.470841838818624012e+02 3.577692607865510155e+01
2.471420198532299253e+02 6.153631285528668826e+01
2.471899879732299041e+02 5.151877355326328711e+01
2.481427983553601564e+02 6.296738989843300516e+01
2.481523291556878803e+02 4.722554242382469880e+01
2.484770526936553097e+02 6.869169807101781089e+01
2.485574547639262732e+02 7.155385215731020310e+01
2.495795630066739648e+02 5.724308172584796495e+01
2.495866844911930968e+02 6.296738989843300516e+01
2.502022114010488849e+02 8.443354554562587566e+01
2.502584058496243244e+02 2.719046381977790361e+01
2.508991730164066212e+02 4.865661946697089490e+01
2.512546123557794999e+02 5.581200468270188964e+01
2.522573369571948092e+02 6.582954398472540447e+01
2.527256878238875686e+02 7.012277511416388620e+01
2.531514960051245566e+02 5.438092763955569353e+01
2.535537685494893481e+02 5.294985059640949032e+01
2.536044120396969106e+02 4.436338833753229949e+01
2.536432753574873686e+02 6.439846694157908757e+01
2.541068304589101672e+02 4.007015720809369697e+01
2.543363337596317990e+02 4.293231129438609628e+01
2.558540768157452021e+02 5.867415876899429605e+01
2.560012109293306821e+02 6.726062102787147978e+01
2.560853118159302539e+02 5.151877355326328711e+01
2.564418224476857517e+02 6.869169807101781089e+01
2.566848125286621780e+02 6.726062102787147978e+01
2.570524199014545843e+02 6.582954398472540447e+01
2.573748343326732311e+02 7.012277511416388620e+01
2.574418916064174709e+02 8.014031441618739393e+01
2.582527031774606030e+02 6.582954398472516289e+01
2.595619324462920190e+02 7.298492920045627841e+01
2.600605873150142884e+02 6.726062102787147978e+01
2.600831783854320065e+02 7.441600624360260952e+01
2.613257338497022033e+02 5.581200468270188964e+01
2.613257338497022033e+02 7.298492920045627841e+01
2.620680442377176860e+02 4.722554242382469880e+01
2.633108891461251346e+02 5.724308172584821364e+01
2.636166168006138832e+02 4.722554242382469880e+01
2.668206314569186475e+02 6.726062102787147978e+01
2.670537714701419532e+02 7.155385215731020310e+01
2.682516978829669370e+02 5.581200468270188964e+01
2.682796183890736756e+02 4.865661946697089490e+01
2.683008188313879714e+02 4.436338833753229949e+01
2.686112455606754565e+02 4.007015720809357617e+01
2.686766922924659866e+02 7.155385215731020310e+01
2.693745177460955347e+02 6.582954398472540447e+01
2.698179398818095365e+02 6.726062102787147978e+01
2.699346366802673174e+02 6.153631285528668826e+01
2.705772729832398227e+02 7.870923737304107703e+01
2.716440522221732863e+02 6.726062102787147978e+01
2.719835277307225283e+02 7.727816032989500172e+01
2.723733233156099232e+02 8.300246850247978614e+01
2.738604276330245284e+02 5.151877355326328711e+01
2.738604276330245284e+02 6.296738989843288437e+01
2.740899092464981095e+02 3.577692607865510155e+01
2.742508257236461304e+02 4.865661946697089490e+01
2.745623234940171642e+02 7.584708328674867062e+01
2.749920540579848875e+02 3.577692607865510155e+01
2.750559467208754540e+02 5.294985059640949032e+01
2.752191745058488550e+02 7.584708328674867062e+01
2.752335858299454117e+02 8.586462258877219256e+01
2.758773370531805540e+02 6.869169807101781089e+01
2.758850083665944339e+02 7.298492920045627841e+01
2.758896317608243862e+02 7.584708328674867062e+01
2.765235296468907791e+02 6.439846694157908757e+01
2.765464252006666470e+02 6.153631285528668826e+01
2.770456434116441642e+02 7.870923737304119072e+01
2.776179698382801462e+02 5.294985059640949032e+01
2.801302518899630627e+02 6.869169807101781089e+01
2.805143294946275887e+02 6.582954398472540447e+01
2.810793881798164193e+02 6.582954398472540447e+01
2.816940366248209102e+02 7.870923737304119072e+01
2.825612003614093055e+02 8.443354554562587566e+01
2.827712241439452896e+02 7.870923737304107703e+01
2.840191785448375299e+02 7.870923737304107703e+01
2.845939622758581891e+02 7.012277511416388620e+01
2.853913912928527452e+02 7.727816032989500172e+01
2.878186109146187732e+02 7.298492920045627841e+01
2.878661587557514849e+02 7.012277511416388620e+01
2.887586628735681415e+02 8.586462258877219256e+01
2.891103200772645891e+02 5.724308172584809284e+01
2.912099531695507721e+02 5.294985059640949032e+01
2.912179046109704927e+02 6.869169807101781089e+01
2.921336221501807131e+02 7.441600624360260952e+01
2.921630793261818440e+02 6.726062102787147978e+01
2.921667743381528339e+02 9.302000780450319439e+01
2.928203763801608943e+02 7.870923737304107703e+01
2.930048039090754628e+02 8.729569963191828208e+01
2.933022320221057271e+02 6.869169807101768299e+01
2.947164252855272935e+02 6.153631285528668826e+01
2.951160905492374695e+02 5.724308172584809284e+01
2.973288962608021393e+02 7.441600624360260952e+01
2.976705118289409029e+02 6.582954398472540447e+01
2.978087794646610291e+02 7.298492920045640631e+01
2.988976383588184262e+02 6.439846694157908757e+01
2.995803409761426792e+02 6.582954398472529078e+01
2.998876066179005875e+02 9.445108484764939760e+01
3.004509642657305903e+02 2.432830973348550785e+01
3.026635270340840407e+02 7.870923737304119072e+01
3.031070945552343119e+02 7.584708328674879851e+01
3.043339528612428921e+02 7.727816032989500172e+01
3.045207469650033545e+02 5.438092763955569353e+01
3.046060615836570946e+02 8.014031441618739393e+01
3.046823637188248881e+02 6.869169807101768299e+01
3.067713458256530998e+02 2.289723269033918740e+01
3.071624150370679445e+02 5.294985059640949032e+01
3.072038568070172460e+02 8.586462258877219256e+01
3.075903302995482136e+02 7.298492920045627841e+01
3.076120311751432723e+02 9.015785371821080219e+01
3.086202335348577321e+02 7.584708328674879851e+01
3.086610795180964146e+02 6.153631285528668826e+01
3.087326482785798021e+02 6.439846694157908757e+01
3.099049791868210946e+02 8.586462258877219256e+01
3.117488445693584822e+02 7.870923737304119072e+01
3.134280012242669500e+02 7.727816032989500172e+01
3.142876055047824480e+02 7.012277511416388620e+01
3.153097418368942613e+02 7.727816032989500172e+01
3.154867249785385752e+02 6.582954398472540447e+01
3.156064921898367288e+02 7.727816032989500172e+01
3.166796249075796368e+02 6.582954398472529078e+01
3.176663080846490175e+02 8.014031441618739393e+01
3.186845023770963508e+02 7.870923737304107703e+01
3.187030676370746392e+02 7.441600624360248162e+01
3.197410158251245207e+02 6.726062102787147978e+01
3.200060552085193422e+02 8.729569963191839577e+01
3.210760173997255151e+02 8.300246850247978614e+01
3.215619221483274828e+02 1.717292451775438877e+01
3.222401992444965799e+02 7.441600624360248162e+01
3.226976797263877188e+02 6.726062102787147978e+01
3.227520519809219763e+02 7.441600624360248162e+01
3.232694018869586330e+02 6.439846694157908757e+01
3.239990183135043935e+02 6.439846694157908757e+01
3.242188448970007357e+02 8.300246850247978614e+01
3.244933080743205096e+02 6.582954398472529078e+01
3.246067654244872074e+02 1.101929323222577040e+02
3.251039729817898660e+02 8.586462258877219256e+01
3.253490650330196559e+02 6.726062102787147978e+01
3.256869650622026597e+02 1.574184747460831346e+01
3.257087544069607361e+02 8.157139145933348345e+01
3.275436368569647243e+02 4.007015720809357617e+01
3.282081424425517753e+02 6.439846694157908757e+01
3.284847433064680331e+02 9.015785371821067429e+01
3.285539376345893174e+02 8.300246850247978614e+01
3.285836456784555253e+02 7.441600624360260952e+01
3.295155390231893193e+02 5.867415876899429605e+01
3.303764701948613265e+02 8.157139145933348345e+01
3.310605595072656797e+02 5.151877355326328711e+01
3.310806880125737734e+02 8.157139145933348345e+01
3.315995209010573035e+02 4.865661946697089490e+01
3.319683222943751275e+02 6.582954398472529078e+01
3.330947342188840707e+02 7.441600624360260952e+01
3.366077199301264500e+02 8.157139145933348345e+01
3.372160081392831898e+02 3.577692607865510155e+01
3.374760441716853734e+02 6.153631285528668826e+01
3.380159654732910326e+02 5.438092763955580722e+01
3.388517588430208320e+02 6.439846694157908757e+01
3.391751936353216479e+02 8.729569963191828208e+01
3.401220525796591119e+02 6.153631285528668826e+01
3.405900640694834465e+02 6.869169807101781089e+01
3.410415332813716418e+02 5.438092763955580722e+01
3.442959391271467098e+02 7.870923737304107703e+01
3.446233199292907443e+02 8.300246850247978614e+01
3.456610237614791572e+02 6.582954398472540447e+01
3.462671730896071836e+02 6.726062102787147978e+01
3.476021126139837065e+02 6.153631285528668826e+01
3.479858977887892024e+02 5.724308172584821364e+01
3.480644217866380359e+02 8.443354554562587566e+01
3.526731641163543145e+02 5.294985059640949032e+01
3.538727683427478610e+02 7.155385215731020310e+01
3.550066723818098922e+02 1.230726257105734902e+02
3.554289388916830035e+02 6.726062102787147978e+01
3.555199191949084820e+02 1.058997011928189806e+02
3.561187206765449105e+02 5.294985059640949032e+01
3.574981021777982733e+02 8.729569963191828208e+01
3.579571152072358586e+02 7.155385215731020310e+01
3.580807220156599442e+02 7.441600624360260952e+01
3.592883531749545796e+02 8.157139145933359714e+01
3.609219529994741151e+02 5.438092763955580722e+01
3.612950140291620187e+02 7.155385215731020310e+01
3.617505969121601197e+02 5.724308172584809284e+01
3.632625209344178643e+02 6.153631285528668826e+01
3.634291664451301926e+02 8.300246850247978614e+01
3.634593789451871544e+02 1.001753930202341820e+02
3.645022604779957760e+02 5.438092763955580722e+01
3.649861079512706397e+02 7.441600624360260952e+01
3.655989037506778914e+02 7.012277511416388620e+01
3.657747623965010462e+02 5.294985059640949032e+01
3.663542500745371626e+02 7.012277511416388620e+01
3.667435381388950759e+02 5.151877355326316632e+01
3.691667184366312426e+02 4.150123425123989307e+01
3.709985336630643360e+02 6.582954398472529078e+01
3.718485316456614100e+02 6.153631285528668826e+01
3.725637906906775356e+02 4.722554242382469880e+01
3.726749832783987699e+02 5.438092763955569353e+01
3.730798464175834397e+02 1.073307782359651839e+02
3.733621195333704463e+02 6.153631285528668826e+01
3.738370583036897301e+02 3.291477199236270224e+01
3.743548064025720237e+02 3.148369494921638534e+01
3.780407674275996328e+02 6.582954398472529078e+01
3.794900282373901632e+02 6.582954398472529078e+01
3.819681780959716093e+02 4.293231129438597193e+00
3.828967062815776785e+02 1.431077043146199124e+01
3.850803838463251623e+02 3.863908016494750086e+01
3.855388384699223820e+02 3.577692607865498076e+01
3.857192424124284003e+02 5.294985059640949032e+01
3.867284867794148795e+02 1.431077043146199212e+00
3.868564626637784727e+02 5.867415876899429605e+01
3.879961731249650825e+02 6.010523581214048505e+01
3.905960609858445878e+02 5.581200468270188964e+01
3.913649122772970941e+02 1.431077043146199124e+01
3.917800144532344007e+02 1.431077043146199124e+01
3.925701796667840426e+02 3.291477199236270224e+01
3.957883243922377687e+02 3.577692607865510155e+01
3.978667422439638699e+02 2.432830973348550785e+01
3.978667422439638699e+02 3.291477199236270224e+01
3.994234466741073106e+02 3.434584903550877755e+01
3.998852404766124664e+02 7.727816032989500172e+01
4.020286846598162356e+02 3.148369494921638534e+01
4.033482105478854010e+02 6.582954398472529078e+01
4.036215797527261202e+02 6.296738989843300516e+01
4.042281562436201625e+02 2.289723269033918740e+01
4.042561008812871250e+02 6.153631285528668826e+01
4.062245228249523734e+02 2.289723269033918740e+01
4.071293703872856895e+02 7.012277511416388620e+01
4.082134234967558655e+02 7.441600624360260952e+01
4.097653739313474830e+02 9.445108484764939760e+01
4.106713934778823045e+02 1.073307782359653118e+02
4.114053527009934328e+02 1.001753930202341820e+02
4.118069731364374206e+02 3.291477199236270224e+01
4.124382027603586494e+02 6.582954398472540447e+01
4.127386844403820305e+02 2.862154086292398247e+01
4.144994011263216862e+02 6.726062102787147978e+01
4.152879579670097314e+02 5.724308172584796495e+01
4.155633934749711784e+02 8.300246850247978614e+01
4.157689462798682598e+02 3.148369494921638534e+01
4.165266119794378596e+02 3.720800312180117686e+01
4.169012988667318496e+02 4.865661946697101570e+01
4.176009622145094227e+02 3.148369494921638534e+01
4.180541741030413618e+02 4.293231129438609628e+01
4.181906988014152944e+02 4.293231129438597193e+00
4.184388324858485930e+02 3.577692607865510155e+01
4.188695270666843271e+02 3.577692607865498076e+01
4.206435627508437278e+02 2.575938677663158316e+01
4.210320702620543898e+02 5.008769651011709101e+01
4.217454854443332692e+02 5.438092763955580722e+01
4.220262812211822734e+02 6.296738989843300516e+01
4.238010979689653936e+02 7.727816032989500172e+01
4.244580660571675708e+02 9.588216189079571450e+01
4.255520898340204781e+02 3.148369494921638534e+01
4.259170554221099110e+02 7.584708328674867062e+01
4.297459725076606105e+02 4.865661946697089490e+01
4.300149340130818132e+02 2.719046381977790361e+01
4.307614450226268445e+02 7.441600624360260952e+01
4.335122649939569328e+02 4.293231129438609628e+01
4.337110442114190505e+02 8.586462258877219256e+01
4.348695571888356994e+02 6.153631285528668826e+01
4.361620501408913242e+02 8.586462258877219256e+01
4.364616442278696695e+02 3.148369494921650258e+01
4.396626346745946989e+02 6.296738989843288437e+01
4.418600083410970569e+02 9.158893076135686329e+01
4.457761523504493653e+02 6.582954398472540447e+01
4.465404981442923145e+02 3.148369494921638534e+01
4.470918270598342588e+02 7.584708328674867062e+01
4.471441468533492980e+02 4.579446538067849559e+01
4.520432648548274415e+02 3.434584903550890544e+01
4.529065578007981117e+02 7.298492920045627841e+01
4.546334179844147911e+02 4.007015720809357617e+01
4.565231839838019710e+02 3.434584903550890544e+01
4.570352443483322986e+02 5.294985059640949032e+01
