# data from file /Users/tpaneque/Documents/MAPS/hd163296/HD_163296_HCO+_90GHz.robust_0.5.JvMcorr.image.fits
# parameters used:
# PA: -133.3
# inc: 46.7
# dist: 101.0 
# vsys: 8.059
# r[au] h[au]
3.814428422615327463e+01 1.856583053357835356e+00
4.229522188899515101e+01 7.426332213431341422e+00
4.417942218487890216e+01 1.856583053357835356e+00
4.494761885953661817e+01 7.426332213431341422e+00
4.719975952209431114e+01 5.569749160073506289e+00
4.809252935841349341e+01 1.856583053357835356e+00
5.003085048241864996e+01 3.713166106715670711e+00
5.122411004700648363e+01 1.856583053357835356e+00
5.133592503051238509e+01 3.713166106715670711e+00
5.585838991594452096e+01 1.485266442686268284e+01
5.644438672361403775e+01 1.856583053357835356e+00
5.789344332886096822e+01 5.569749160073506289e+00
6.049875397484072437e+01 -0.000000000000000000e+00
6.170099228890207854e+01 5.569749160073506289e+00
6.579848706550677662e+01 1.856583053357835356e+00
6.747047382100900847e+01 1.856583053357835356e+00
7.045772428805697984e+01 3.713166106715670711e+00
7.197781818219812067e+01 3.713166106715670711e+00
7.302181661409105118e+01 1.856583053357835356e+00
7.772510842223418592e+01 7.426332213431341422e+00
7.845593525555963765e+01 7.426332213431341422e+00
7.961042358123562224e+01 3.713166106715670711e+00
7.961042358123562224e+01 1.113949832014701258e+01
8.066582437358928814e+01 -0.000000000000000000e+00
8.517082819102796520e+01 2.599216274700969365e+01
8.663420144872245032e+01 1.856583053357835356e+00
8.663420144872254980e+01 1.856583053357835356e+00
8.679443755458468956e+01 1.856583053357835356e+00
8.844865804323939074e+01 2.413557969365185940e+01
9.092093807338831368e+01 5.569749160073506289e+00
9.707538417466653868e+01 5.569749160073506289e+00
9.812274576933135961e+01 1.113949832014701258e+01
1.008819909913103885e+02 1.299608137350484682e+01
1.028239856061429975e+02 5.569749160073506289e+00
1.030853184313842803e+02 1.856583053357835356e+00
1.036094198235621917e+02 5.569749160073506289e+00
1.036094198235622912e+02 5.569749160073506289e+00
1.057820671944912618e+02 1.670924748022051887e+01
1.057820671944912618e+02 1.670924748022051887e+01
1.060560783870150630e+02 1.113949832014701258e+01
1.081115209115484106e+02 1.856583053357835356e+00
1.082583041451773909e+02 1.856583053357835356e+00
1.092721370679436319e+02 7.426332213431341422e+00
1.097731456183653620e+02 1.113949832014701258e+01
1.100614626075137892e+02 3.713166106715670711e+00
1.101696198969631695e+02 1.856583053357835311e+01
1.114629677873103759e+02 9.282915266789176556e+00
1.134578014258204348e+02 7.426332213431341422e+00
1.139111675164563593e+02 1.485266442686268284e+01
1.142951597376332415e+02 1.113949832014701258e+01
1.146061826445550906e+02 9.282915266789176556e+00
1.153599561343883835e+02 1.856583053357835356e+00
1.177939620943840424e+02 7.426332213431341422e+00
1.182094847238613369e+02 1.299608137350484682e+01
1.201796428025923547e+02 2.227899664029402516e+01
1.202546207725787468e+02 9.282915266789176556e+00
1.204924827322480212e+02 3.713166106715670711e+00
1.208333463982782092e+02 1.299608137350484682e+01
1.234062831356277883e+02 1.299608137350484682e+01
1.276716223006262112e+02 7.426332213431341422e+00
1.355826941737008440e+02 7.426332213431341422e+00
1.379748064451881930e+02 1.856583053357835356e+00
1.380831273793112075e+02 1.856583053357835311e+01
1.432031342110187495e+02 1.299608137350469050e+01
1.572187649877276669e+02 3.713166106715670711e+00
1.625940554999373546e+02 1.299608137350484682e+01
1.783916455114633663e+02 3.341849496044103773e+01
1.862392626467188848e+02 7.426332213431341422e+00
1.914530561924926815e+02 1.856583053357835356e+00
1.994363921135885107e+02 2.042241358693603459e+01
2.022446406723732935e+02 2.784874580036753144e+01
2.034475851060420553e+02 7.426332213431341422e+00
2.054981542435284609e+02 5.569749160073506289e+00
2.095498248274959678e+02 2.784874580036753144e+01
2.096924970223712990e+02 2.227899664029402516e+01
2.134452283317822321e+02 2.970532885372536569e+01
2.156765458250117149e+02 1.485266442686268284e+01
2.159918903055541648e+02 3.713166106715670711e+00
2.203392397939263105e+02 2.042241358693603459e+01
2.232950117142820261e+02 1.670924748022051887e+01
2.288797550151484472e+02 1.856583053357835311e+01
2.372079419258897985e+02 1.113949832014701258e+01
2.503500590476475338e+02 1.856583053357993229e+00
2.511530398317779884e+02 1.856583053357835356e+00
2.588460085588712332e+02 1.856583053357835356e+00
2.600964450198919735e+02 -0.000000000000000000e+00
2.624814121115751391e+02 7.426332213431341422e+00
2.641747597128455141e+02 2.413557969365170308e+01
2.698729656482989867e+02 9.282915266789176556e+00
2.732375143874683658e+02 1.299608137350484682e+01
2.734969865639710633e+02 1.670924748022051887e+01
2.759496128903763861e+02 9.282915266789176556e+00
2.813869072215640585e+02 -0.000000000000000000e+00
2.835254246512844816e+02 -0.000000000000000000e+00
2.884503711977048397e+02 5.569749160073506289e+00
2.885551761504814863e+02 1.856583053357835356e+00
2.932839175153537781e+02 3.713166106715670711e+00
2.973325023499484701e+02 3.713166106715670711e+00
3.050123642011822653e+02 7.426332213431341422e+00
3.098921228215968995e+02 1.856583053357835311e+01
3.107769052675874377e+02 7.426332213431341422e+00
3.116254803007905139e+02 1.856583053357835311e+01
3.138082732564543562e+02 1.670924748022051887e+01
3.146052358261960649e+02 9.282915266789176556e+00
3.161755410803053792e+02 1.856583053357835311e+01
3.171768158943150979e+02 1.670924748022035899e+01
3.199873358020877845e+02 -0.000000000000000000e+00
3.212631644185232744e+02 1.485266442686268284e+01
3.239145964535732105e+02 1.670924748022051887e+01
3.277798826964967702e+02 1.299608137350484682e+01
3.318109708234810000e+02 1.670924748022035899e+01
3.333591568215711618e+02 3.713166106715670711e+00
3.500268441949611997e+02 2.227899664029402516e+01
3.566060141244893202e+02 2.413557969365170308e+01
3.579640543989785897e+02 3.527507801379871211e+01
3.580440319563772391e+02 2.970532885372520582e+01
3.601275411482342292e+02 1.113949832014701258e+01
3.630340211417376963e+02 1.299608137350469050e+01
3.644971824769910995e+02 9.282915266789018460e+00
3.651090830704556538e+02 5.569749160073663496e+00
