# data from file /Users/tpaneque/Documents/MAPS/mwc480/MWC_480_CO_220GHz.robust_0.5.JvMcorr.image.fits
# parameters used:
# PA: 148.0
# inc: 37.0
# dist: 162.0 
# vsys: 5.1
# r[au] h[au]
1.625490577757327060e+01 7.190329512685431190e+00
2.167320770343102865e+01 -0.000000000000000000e+00
2.271102346301854880e+01 -0.000000000000000000e+00
2.271102346301854880e+01 -0.000000000000000000e+00
2.271102346301868380e+01 1.078549426902814723e+01
2.400711255008141620e+01 1.797582378171204809e+00
2.443557721230283164e+01 1.797582378171204809e+00
2.530932770179286706e+01 7.190329512685431190e+00
2.573693414782446354e+01 8.987911890856789654e+00
2.573693414782446354e+01 8.987911890856789654e+00
2.661676978731960475e+01 5.392747134514073615e+00
2.661676978731962606e+01 8.987911890856789654e+00
2.673068305781633924e+01 1.797582378171204809e+00
2.673068305781633924e+01 1.797582378171204809e+00
2.844608511075334079e+01 1.797582378171357798e+00
2.909708572445568464e+01 5.392747134514073615e+00
2.909708572445572372e+01 8.987911890856789654e+00
2.980066059221778119e+01 1.078549426902814723e+01
3.030182358078018012e+01 7.190329512685431190e+00
3.056373711302789076e+01 3.595164756342715595e+00
3.056373711302791563e+01 1.078549426902814723e+01
3.056373711302791563e+01 1.078549426902814723e+01
3.073829353828899258e+01 1.797582378171204809e+00
3.115523607368222159e+01 1.797582378171357798e+00
3.115523607368222159e+01 1.258307664719950658e+01
3.274645003751447803e+01 3.595164756342715595e+00
3.274645003751451355e+01 1.078549426902814723e+01
3.281697229430088214e+01 5.392747134514073615e+00
3.386438703661109884e+01 8.987911890856789654e+00
3.388972978985392359e+01 7.190329512685431190e+00
3.388972978985392359e+01 7.190329512685431190e+00
3.453779616517403639e+01 5.392747134514073615e+00
3.453779616517405060e+01 8.987911890856789654e+00
3.522979514101688636e+01 7.190329512685431190e+00
3.522979514101692189e+01 7.190329512685431190e+00
3.586694823136375732e+01 7.190329512685431190e+00
3.609214960303723529e+01 3.595164756342715595e+00
3.609214960303723529e+01 1.078549426902814723e+01
3.648352131705851775e+01 5.392747134514073615e+00
3.719793457149887672e+01 1.797582378171357798e+00
3.740845162041502903e+01 5.392747134514073615e+00
3.774421729452713947e+01 7.190329512685431190e+00
3.792811348100441649e+01 3.595164756342715595e+00
3.835299684902513917e+01 7.190329512685431190e+00
3.835299684902513917e+01 7.190329512685431190e+00
3.853056509849896827e+01 1.078549426902814723e+01
3.951405573464779764e+01 5.392747134514073615e+00
3.951405573464779764e+01 8.987911890856789654e+00
4.028389765842946701e+01 3.595164756342715595e+00
4.028389765842949544e+01 1.078549426902814723e+01
4.068094409038546644e+01 7.190329512685431190e+00
4.235434240616451973e+01 7.190329512685431190e+00
4.235434240616451973e+01 7.190329512685431190e+00
4.253677555835589885e+01 5.392747134514073615e+00
4.304771403295891474e+01 3.595164756342715595e+00
4.340275547327465233e+01 5.392747134514073615e+00
4.342253169193139684e+01 7.190329512685431190e+00
4.413122747723087258e+01 5.392747134514073615e+00
4.413122747723090100e+01 8.987911890856789654e+00
4.470099088832660783e+01 1.258307664719950658e+01
4.516243722692006202e+01 1.078549426902814723e+01
4.516243722692013307e+01 1.078549426902814723e+01
4.521328611127458430e+01 1.797582378171357798e+00
4.655295745947775998e+01 1.078549426902814723e+01
4.664273003947590723e+01 3.595164756342715595e+00
4.664273003947590723e+01 1.078549426902814723e+01
4.666774594466382098e+01 5.392747134514073615e+00
4.666774594466382098e+01 8.987911890856789654e+00
4.789024556065376714e+01 7.190329512685431190e+00
4.794124606128137600e+01 8.987911890856789654e+00
4.794124606128143995e+01 8.987911890856789654e+00
4.817307696495295488e+01 8.987911890856789654e+00
4.876471733271993259e+01 7.190329512685431190e+00
4.911967505627167441e+01 1.258307664719950658e+01
5.000317083573506949e+01 8.987911890856789654e+00
5.046122210841102884e+01 1.078549426902814723e+01
5.057673543019232199e+01 8.987911890856789654e+00
5.061865540358559201e+01 7.190329512685431190e+00
5.061865540358562043e+01 7.190329512685431190e+00
5.089310519874850769e+01 1.078549426902814723e+01
5.114600866081084263e+01 7.190329512685431190e+00
5.210703803031776715e+01 7.190329512685431190e+00
5.294292800770566032e+01 7.190329512685431190e+00
5.296274421050349446e+01 8.987911890856789654e+00
5.326262410446308593e+01 1.797582378171357798e+00
5.346136611563257901e+01 1.078549426902814723e+01
5.383893466434346919e+01 7.190329512685431190e+00
5.398963775450952340e+01 8.987911890856789654e+00
5.403202618663872414e+01 8.987911890856789654e+00
5.409720328657861899e+01 8.987911890856789654e+00
5.409720328657861899e+01 8.987911890856789654e+00
5.418301925857768708e+01 1.078549426902814723e+01
5.553759474004213104e+01 1.258307664719950658e+01
5.581218621275782965e+01 7.190329512685431190e+00
5.585740948434925457e+01 3.595164756342715595e+00
5.585740948434927589e+01 1.078549426902814723e+01
5.608163198621026169e+01 1.078549426902814723e+01
5.699952618663976267e+01 8.987911890856789654e+00
5.717232764052926797e+01 1.258307664719950658e+01
5.720735580487152561e+01 1.078549426902814723e+01
5.752949527353767678e+01 7.190329512685431190e+00
5.756698638851356975e+01 7.190329512685431190e+00
5.788232430726033328e+01 1.078549426902814723e+01
5.819417144891126270e+01 7.190329512685431190e+00
5.849418932904416124e+01 8.987911890856789654e+00
5.864082229614698605e+01 8.987911890856789654e+00
5.941013399314133636e+01 7.190329512685431190e+00
5.960132118443544869e+01 7.190329512685431190e+00
6.042584648764415789e+01 7.190329512685431190e+00
6.052693513417717952e+01 8.987911890856789654e+00
6.060364716156017550e+01 1.078549426902814723e+01
6.079154436870401668e+01 1.078549426902814723e+01
6.079154436870401668e+01 1.078549426902814723e+01
6.147658707657783594e+01 1.078549426902814723e+01
6.147658707657789279e+01 1.078549426902814723e+01
6.165326821718969796e+01 7.190329512685431190e+00
6.170289520129529848e+01 8.987911890856789654e+00
6.231047214736432949e+01 3.595164756342715595e+00
6.259919031454629135e+01 1.258307664719950658e+01
6.259919031454629135e+01 1.258307664719950658e+01
6.267900440984351462e+01 3.595164756342715595e+00
6.267900440984362831e+01 1.078549426902814723e+01
6.303746113082568314e+01 7.190329512685431190e+00
6.340650356883264038e+01 8.987911890856789654e+00
6.377182416674587273e+01 1.078549426902814723e+01
6.393251082601354796e+01 1.078549426902814723e+01
6.509599763355592472e+01 1.797582378171204809e+00
6.523226702255884391e+01 1.258307664719950658e+01
6.537288462341481932e+01 7.190329512685431190e+00
6.563394458860162217e+01 7.190329512685431190e+00
6.623104774543330109e+01 1.078549426902814723e+01
6.672798372235851616e+01 1.258307664719965757e+01
6.684162012411509579e+01 1.258307664719950658e+01
6.701596485429413974e+01 1.258307664719950658e+01
6.711774448579396335e+01 1.258307664719950658e+01
6.741105064846198047e+01 8.987911890856789654e+00
6.741105064846202310e+01 8.987911890856789654e+00
6.774795094336778334e+01 5.392747134514073615e+00
6.774795094336778334e+01 8.987911890856789654e+00
6.777945957970774771e+01 1.078549426902814723e+01
6.796436119652467767e+01 1.438065902537086238e+01
6.796436119652477714e+01 1.438065902537086238e+01
6.796762032420249966e+01 3.595164756342715595e+00
6.813307038905590218e+01 7.190329512685431190e+00
6.886711838352889004e+01 1.258307664719950658e+01
6.905804505412901051e+01 8.987911890856789654e+00
7.032914388522141280e+01 1.258307664719950658e+01
7.076414302441708060e+01 -0.000000000000000000e+00
7.119479407177819041e+01 1.258307664719950658e+01
7.119778849706038670e+01 1.078549426902814723e+01
7.171148242789000449e+01 8.987911890856789654e+00
7.214433209978443529e+01 1.258307664719950658e+01
7.258550294308911077e+01 1.617824140354222351e+01
7.262371977006679913e+01 1.258307664719950658e+01
7.308552869079701964e+01 1.258307664719950658e+01
7.308552869079701964e+01 1.258307664719950658e+01
7.330673163690835281e+01 1.258307664719965757e+01
7.332165556391848327e+01 3.595164756342715595e+00
7.332165556391848327e+01 1.078549426902814723e+01
7.334246896544675565e+01 7.190329512685431190e+00
7.439586914299779608e+01 7.190329512685431190e+00
7.548843458905422210e+01 1.078549426902814723e+01
7.548843458905422210e+01 1.078549426902814723e+01
7.557442592916520141e+01 1.258307664719950658e+01
7.575522665230123209e+01 1.258307664719950658e+01
7.575522665230123209e+01 1.258307664719950658e+01
7.649960924580815913e+01 1.438065902537086238e+01
7.709662210483375588e+01 1.258307664719950658e+01
7.709662210483382694e+01 1.258307664719950658e+01
7.723380066113514886e+01 5.392747134514073615e+00
7.728318971709194329e+01 1.258307664719965757e+01
7.732267824820404201e+01 1.258307664719950658e+01
7.787033969130951050e+01 1.617824140354222351e+01
7.929374847133902904e+01 5.392747134514073615e+00
7.943744938053592364e+01 1.258307664719950658e+01
7.962847027424605528e+01 8.987911890856789654e+00
7.962847027424605528e+01 1.617824140354237628e+01
8.136188818077090446e+01 1.078549426902814723e+01
8.165093139146981116e+01 1.438065902537086238e+01
8.165093139146986800e+01 1.438065902537086238e+01
8.186612509378610980e+01 1.617824140354222351e+01
8.197791113314130484e+01 1.617824140354222351e+01
8.202061114021263677e+01 1.438065902537086238e+01
8.202061114021270782e+01 1.438065902537086238e+01
8.384258619698691462e+01 1.258307664719950658e+01
8.575280830344865990e+01 1.617824140354222351e+01
8.575280830344865990e+01 1.617824140354222351e+01
8.583106753245684217e+01 1.797582378171357931e+01
8.609542806591782949e+01 1.797582378171357931e+01
8.629424291030650807e+01 1.258307664719965757e+01
8.632782247347651605e+01 1.797582378171357931e+01
8.684506338386279367e+01 1.438065902537086238e+01
8.684506338386286473e+01 1.438065902537086238e+01
8.722135519309097162e+01 1.797582378171357931e+01
8.725634624682945173e+01 1.438065902537086238e+01
8.771941859149572451e+01 2.157098853805629446e+01
8.807448785254219104e+01 1.797582378171357931e+01
8.950551515641902256e+01 1.797582378171357931e+01
9.042207646304848367e+01 2.336857091622765026e+01
9.109612846024300836e+01 1.797582378171357931e+01
9.120450569232137639e+01 1.797582378171357931e+01
9.213501178921745804e+01 1.438065902537086238e+01
9.224630496861774986e+01 2.157098853805629446e+01
9.328546007895181447e+01 1.797582378171357931e+01
9.356354767434559960e+01 2.157098853805629446e+01
9.386319958802123153e+01 1.797582378171357931e+01
9.398838676972987116e+01 1.797582378171357931e+01
9.414148458808593034e+01 1.797582378171357931e+01
9.436054323631771013e+01 2.336857091622765026e+01
9.455619169623857090e+01 2.336857091622765026e+01
9.529727041387019426e+01 1.797582378171357931e+01
9.578049112130753429e+01 2.157098853805629446e+01
9.689333852174219430e+01 2.696373567257051818e+01
9.771337290581298873e+01 1.977340615988493511e+01
9.781496174701590007e+01 2.157098853805629446e+01
9.811635691345685473e+01 2.336857091622780658e+01
9.857711037191376136e+01 2.336857091622780658e+01
9.887152665003063134e+01 1.977340615988493511e+01
9.900066966335332097e+01 1.797582378171357931e+01
9.934657161814999426e+01 1.797582378171357931e+01
9.951680074041466639e+01 2.157098853805629446e+01
9.951680074041472324e+01 2.157098853805629446e+01
9.993300762193130993e+01 2.336857091622780658e+01
1.000470680720540173e+02 2.336857091622765026e+01
1.007807597287312547e+02 1.977340615988493511e+01
1.008715867198588967e+02 1.977340615988493511e+01
1.022920173216216853e+02 2.157098853805629446e+01
1.028369247703463429e+02 2.336857091622780658e+01
1.035393075130679676e+02 2.516615329439901316e+01
1.044406965890180601e+02 2.336857091622780658e+01
1.048497229879661319e+02 2.336857091622765026e+01
1.050645349224246701e+02 1.977340615988508787e+01
1.050645349224246701e+02 2.696373567257051818e+01
1.054707413348191238e+02 2.696373567257036896e+01
1.060505631084349432e+02 2.516615329439901316e+01
1.060563825327304386e+02 2.157098853805629446e+01
1.061885203229275874e+02 2.336857091622765026e+01
1.062710505968549484e+02 2.336857091622780658e+01
1.065252482089263140e+02 2.876131805074172476e+01
1.069291089790313265e+02 1.977340615988493511e+01
1.074015326629600509e+02 2.336857091622765026e+01
1.081944065731573374e+02 1.797582378171357931e+01
1.083965074797806949e+02 2.516615329439901316e+01
1.093804364317131075e+02 2.516615329439901316e+01
1.095999088216538979e+02 1.797582378171357931e+01
1.103789759560026624e+02 2.696373567257036896e+01
1.104088894202288458e+02 2.696373567257051818e+01
1.104428061590587333e+02 2.336857091622780658e+01
1.111857718743036543e+02 2.336857091622765026e+01
1.122253548612450089e+02 2.336857091622765026e+01
1.122631711006863924e+02 1.977340615988508787e+01
1.123692114667924926e+02 2.876131805074172476e+01
1.129259120364856983e+02 2.516615329439901316e+01
1.134726433687009433e+02 3.055890042891324043e+01
1.136260323924236957e+02 2.157098853805629446e+01
1.139327808849438242e+02 2.336857091622780658e+01
1.139990523732796106e+02 1.797582378171357931e+01
1.144147116097430938e+02 2.876131805074172476e+01
1.151339727770270542e+02 2.876131805074172476e+01
1.154379788444767740e+02 2.336857091622765026e+01
1.154776372188084110e+02 3.055890042891324043e+01
1.170834031600687837e+02 2.696373567257051818e+01
1.172437488238725365e+02 2.336857091622765026e+01
1.184894979450746035e+02 3.415406518525595203e+01
1.193595082937003298e+02 2.516615329439901316e+01
1.199390179010873965e+02 2.336857091622765026e+01
1.207426037956160059e+02 3.055890042891324043e+01
1.207958967444301379e+02 2.876131805074172476e+01
1.209345663671314668e+02 1.258307664719950658e+01
1.209345663671314668e+02 2.336857091622765026e+01
1.209369116744774715e+02 2.876131805074172476e+01
1.223253630103033913e+02 3.954681231977002653e+01
1.228233358549919103e+02 2.876131805074172476e+01
1.232174023511214642e+02 2.696373567257051818e+01
1.232915200105219213e+02 2.516615329439901316e+01
1.233065364343795807e+02 2.516615329439901316e+01
1.234057904025906822e+02 1.797582378171357931e+01
1.238723417872202504e+02 2.876131805074172476e+01
1.248537622282125028e+02 2.336857091622765026e+01
1.251983806290925827e+02 3.235648280708444702e+01
1.265754372287776448e+02 2.696373567257051818e+01
1.269577270188712532e+02 2.876131805074172476e+01
1.278521178743263249e+02 1.977340615988493511e+01
1.278521178743263675e+02 8.987911890856789654e+00
1.278650216520271528e+02 2.876131805074172476e+01
1.283212376118042641e+02 2.516615329439901316e+01
1.285318141067496924e+02 2.336857091622780658e+01
1.294267987449582620e+02 2.336857091622765026e+01
1.295805265088755220e+02 2.336857091622765026e+01
1.303381946375775726e+02 2.696373567257036896e+01
1.304800154254545816e+02 2.696373567257051818e+01
1.304903387705779494e+02 3.415406518525595203e+01
1.311285709269487825e+02 3.235648280708444702e+01
1.312678891772033296e+02 2.516615329439901316e+01
1.323936824316926391e+02 2.336857091622765026e+01
1.327374924059429304e+02 2.336857091622765026e+01
1.336832402482300495e+02 2.157098853805629446e+01
1.342354889715879551e+02 2.516615329439901316e+01
1.353402507366637906e+02 3.055890042891324043e+01
1.356377109024784602e+02 2.876131805074172476e+01
1.359352406484050846e+02 2.876131805074172476e+01
1.360898869660760511e+02 2.876131805074172476e+01
1.361626634734241748e+02 2.876131805074172476e+01
1.364536861422126037e+02 2.696373567257036896e+01
1.366146439004036210e+02 2.336857091622780658e+01
1.371382332674004942e+02 3.235648280708444702e+01
1.371743946869838453e+02 2.336857091622765026e+01
1.371743946869838453e+02 2.336857091622765026e+01
1.371781377483743256e+02 2.336857091622765026e+01
1.377342367670578938e+02 2.516615329439901316e+01
1.383485028252383415e+02 2.336857091622765026e+01
1.407155397906693963e+02 2.696373567257036896e+01
1.409825801545948423e+02 2.876131805074172476e+01
1.411299267344138286e+02 2.876131805074172476e+01
1.412233273203944748e+02 2.157098853805629446e+01
1.414966490380128619e+02 3.055890042891324043e+01
1.414966490380128619e+02 3.055890042891324043e+01
1.419143264895906782e+02 3.055890042891308411e+01
1.419230240081556076e+02 3.055890042891324043e+01
1.424458476206146997e+02 2.336857091622765026e+01
1.431074195108543847e+02 2.696373567257051818e+01
1.437803303064892475e+02 3.415406518525595203e+01
1.439842517581759580e+02 2.876131805074172476e+01
1.443685984121487422e+02 2.516615329439901316e+01
1.452474395401335983e+02 2.516615329439901316e+01
1.464356950585131756e+02 2.336857091622765026e+01
1.468675833383689167e+02 3.055890042891324043e+01
1.468675833383689167e+02 3.055890042891324043e+01
1.477083112680987540e+02 3.055890042891324043e+01
1.478871253342971670e+02 1.977340615988493511e+01
1.482401984215758546e+02 2.876131805074172476e+01
1.486852231554570380e+02 2.876131805074172476e+01
1.490198574272249061e+02 3.415406518525595203e+01
1.493713803140871903e+02 3.415406518525595203e+01
1.500095125072052156e+02 2.336857091622765026e+01
1.501237795942395792e+02 3.055890042891324043e+01
1.506711485285855474e+02 2.516615329439901316e+01
1.509768691781084442e+02 3.954681231976987021e+01
1.511221942199694865e+02 2.696373567257051818e+01
1.515888726282966559e+02 2.696373567257036896e+01
1.519544492170249157e+02 3.055890042891324043e+01
1.522576900825827977e+02 4.673714183245530052e+01
1.530726382044898344e+02 1.078549426902814723e+01
1.531541288796283595e+02 3.055890042891308411e+01
1.531613603076643528e+02 3.055890042891324043e+01
1.539685489167315495e+02 3.774922994159867073e+01
1.546296984521006266e+02 3.595164756342715862e+01
1.547920184451531327e+02 3.415406518525595203e+01
1.549113997826964919e+02 2.157098853805629446e+01
1.553842502266464294e+02 3.595164756342715862e+01
1.575190807018898056e+02 3.415406518525579571e+01
1.588399332457888420e+02 3.595164756342715862e+01
1.588882326315104194e+02 3.415406518525595203e+01
1.602703514862399174e+02 2.336857091622765026e+01
1.606333563043284300e+02 3.415406518525595203e+01
1.610611956592401270e+02 3.595164756342715862e+01
1.613026085815561714e+02 5.392747134514088714e+01
1.615168039930302939e+02 3.954681231976987021e+01
1.632495551381657037e+02 3.954681231976987021e+01
1.634038849691734754e+02 3.415406518525579571e+01
1.634038849691735322e+02 3.415406518525579571e+01
1.642761006760489408e+02 4.134439469794138233e+01
1.642761006760489408e+02 4.134439469794138233e+01
1.643675861934048044e+02 3.954681231976987021e+01
1.650747551324993196e+02 3.595164756342715862e+01
1.662014865571873941e+02 2.157098853805629446e+01
1.667093164512604346e+02 3.954681231976987021e+01
1.675710939423594539e+02 4.134439469794138233e+01
1.676851723939738292e+02 2.876131805074172476e+01
1.686213776071102473e+02 4.134439469794138233e+01
1.687212002862696920e+02 3.595164756342715862e+01
1.700296641636668653e+02 3.954681231976987021e+01
1.708272190167550661e+02 4.493955945428410104e+01
1.713113636009946106e+02 5.033230658879817554e+01
1.718285783344567221e+02 4.314197707611258892e+01
1.727144560954245662e+02 4.134439469794138233e+01
1.728482428424600243e+02 4.134439469794138233e+01
1.735549234180359974e+02 3.954681231976987021e+01
1.753931570806672937e+02 3.595164756342715862e+01
1.758131801294078969e+02 4.314197707611258892e+01
1.764575111543870207e+02 4.673714183245545684e+01
1.774176106202083361e+02 5.033230658879802633e+01
1.774374384613144287e+02 4.493955945428410104e+01
1.785575290717968642e+02 5.392747134514088714e+01
1.802598043187507528e+02 4.493955945428410104e+01
1.807802095069122004e+02 3.415406518525579571e+01
1.815808054025314959e+02 4.493955945428410104e+01
1.821922569204860167e+02 5.033230658879802633e+01
1.823746331061119861e+02 5.033230658879817554e+01
1.825743257805878557e+02 5.392747134514088714e+01
1.829144682773829516e+02 5.033230658879802633e+01
1.831360801743291802e+02 5.033230658879817554e+01
1.843706104709847295e+02 5.932021847965496164e+01
1.845202860217983982e+02 5.392747134514088714e+01
1.860968095792830184e+02 5.392747134514088714e+01
1.861129092540631405e+02 5.392747134514088714e+01
1.864153081899081599e+02 4.493955945428410104e+01
1.865709201579036289e+02 4.673714183245530052e+01
1.870223667207917515e+02 4.673714183245530052e+01
1.874577710393754728e+02 6.651054799234039194e+01
1.875536138442949721e+02 5.572505372331224294e+01
1.880582513123143542e+02 6.111780085782631744e+01
1.892580183103680156e+02 5.212988896696953134e+01
1.895016192092723202e+02 6.651054799234039194e+01
1.897303943743170294e+02 6.471296561416903614e+01
1.906010908934246117e+02 5.392747134514088714e+01
1.915850776855159836e+02 5.392747134514088714e+01
1.920244129108943412e+02 5.572505372331224294e+01
1.938512975047834459e+02 4.853472421062681974e+01
1.946567437725672107e+02 4.853472421062681974e+01
1.948936691124375500e+02 5.212988896696953134e+01
1.948979461892047027e+02 5.932021847965496164e+01
1.948979461892047027e+02 7.010571274868311775e+01
1.953201999813970531e+02 4.673714183245530052e+01
1.958413020164418015e+02 5.572505372331224294e+01
1.963942518896706417e+02 5.572505372331224294e+01
1.979383970346391948e+02 4.493955945428395182e+01
1.980013393267064998e+02 6.111780085782631744e+01
1.984625798049713126e+02 4.673714183245530052e+01
1.984625798049714263e+02 5.392747134514073792e+01
1.988935926545187556e+02 5.212988896696953134e+01
1.994487822324049944e+02 4.853472421062681974e+01
1.998660152438627051e+02 5.752263610148360584e+01
1.999892900414768349e+02 6.830813037051190406e+01
2.001452817206009627e+02 5.572505372331224294e+01
2.020774885472301321e+02 4.134439469794123312e+01
2.022019544360575765e+02 5.572505372331224294e+01
2.024824379554651159e+02 6.111780085782631744e+01
2.025467747435782542e+02 5.932021847965496164e+01
2.029436585508816222e+02 5.033230658879802633e+01
2.033943458541473319e+02 6.111780085782631744e+01
2.035724207949941444e+02 5.392747134514088714e+01
2.037799087159519047e+02 3.774922994159867073e+01
2.037799087159519900e+02 6.291538323599768034e+01
2.038065897121250885e+02 5.033230658879802633e+01
2.040379392544408859e+02 5.212988896696953134e+01
2.042953522880837625e+02 5.392747134514073792e+01
2.044228487214342920e+02 5.932021847965496164e+01
2.048787227591010947e+02 5.033230658879802633e+01
2.056477813888460844e+02 7.190329512685461566e+01
2.056922855242046069e+02 6.291538323599768034e+01
2.063893579268708152e+02 5.033230658879802633e+01
2.064274192691400458e+02 5.572505372331224294e+01
2.064492369626292430e+02 5.392747134514073792e+01
2.066782320990162702e+02 4.673714183245530052e+01
2.068850468114113710e+02 5.752263610148360584e+01
2.069328308123907050e+02 4.853472421062681974e+01
2.069328308123907050e+02 5.932021847965496164e+01
2.076346957182173583e+02 5.572505372331224294e+01
2.081593124176397964e+02 5.392747134514088714e+01
2.082251729565979304e+02 5.212988896696953134e+01
2.082807796446948885e+02 5.572505372331224294e+01
2.085551111752630220e+02 6.291538323599768034e+01
2.088718488424131010e+02 5.033230658879802633e+01
2.090073297389918139e+02 5.572505372331224294e+01
2.091605446302168048e+02 5.033230658879802633e+01
2.091605446302168332e+02 5.033230658879802633e+01
2.091958339816829664e+02 5.033230658879802633e+01
2.093666324419577336e+02 6.111780085782631744e+01
2.101233506953466588e+02 5.932021847965496164e+01
2.101290698448495391e+02 5.033230658879802633e+01
2.101294261055980144e+02 5.572505372331224294e+01
2.105266971083633507e+02 5.392747134514073792e+01
2.116538722850943941e+02 6.830813037051174774e+01
2.116610320800395755e+02 5.572505372331224294e+01
2.118509768420139778e+02 4.673714183245530052e+01
2.121011262168699432e+02 6.111780085782631744e+01
2.121127650654606782e+02 5.033230658879802633e+01
2.123770406458550326e+02 5.752263610148360584e+01
2.125370802045836456e+02 5.572505372331224294e+01
2.127979430269204215e+02 6.111780085782631744e+01
2.128132111209191635e+02 5.212988896696953134e+01
2.128519252438439082e+02 5.572505372331224294e+01
2.134667511663200514e+02 5.932021847965496164e+01
2.136003553794487573e+02 5.033230658879802633e+01
2.142217239108253466e+02 6.111780085782631744e+01
2.142217239108253750e+02 5.033230658879817554e+01
2.142839198692161915e+02 7.549845988319718515e+01
2.145383286367418805e+02 5.392747134514088714e+01
2.149960764864490557e+02 6.291538323599768034e+01
2.154328110301813126e+02 5.033230658879802633e+01
2.154358034578924617e+02 5.572505372331224294e+01
2.159585510180382357e+02 6.471296561416903614e+01
2.161837043487943504e+02 6.111780085782631744e+01
2.164329962993532206e+02 5.572505372331224294e+01
2.166004851572320149e+02 6.830813037051174774e+01
2.167588504571483554e+02 5.033230658879817554e+01
2.171126584596570410e+02 5.392747134514073792e+01
2.172050452117706527e+02 5.212988896696953134e+01
2.176292982048062470e+02 5.392747134514088714e+01
2.192303313172938033e+02 5.033230658879817554e+01
2.196603813376110566e+02 5.033230658879802633e+01
2.202876859828098191e+02 6.471296561416903614e+01
2.207181936346206896e+02 5.033230658879817554e+01
2.208177788404580042e+02 5.033230658879802633e+01
2.208856123181175519e+02 5.392747134514088714e+01
2.209514551958525317e+02 8.268878939588262256e+01
2.212665866409910791e+02 5.212988896696953134e+01
2.215614371213620188e+02 5.392747134514088714e+01
2.216347485725677586e+02 5.572505372331224294e+01
2.218544038172781256e+02 4.314197707611274524e+01
2.225896582238688381e+02 5.033230658879817554e+01
2.226558533822633592e+02 6.111780085782616823e+01
2.233877131600367250e+02 3.954681231976987021e+01
2.234187549953103371e+02 5.392747134514088714e+01
2.241154146126400519e+02 4.493955945428410104e+01
2.253649051150315756e+02 5.033230658879817554e+01
2.262781742565208560e+02 5.033230658879802633e+01
2.264653037671625384e+02 5.033230658879817554e+01
2.271580344863862138e+02 7.909362463953989675e+01
2.278780870112751700e+02 5.752263610148360584e+01
2.287692318194681889e+02 4.493955945428410104e+01
2.288294232194860740e+02 6.471296561416903614e+01
2.294054475646187541e+02 6.651054799234039194e+01
2.300485284903827790e+02 3.954681231976987021e+01
2.301179810941507071e+02 5.033230658879817554e+01
2.301345591657176328e+02 5.572505372331224294e+01
2.307749926973353070e+02 5.752263610148360584e+01
2.310768054867887429e+02 5.212988896696953134e+01
2.325870341821547242e+02 4.493955945428410104e+01
2.329194576861561927e+02 6.471296561416903614e+01
2.333706676982194210e+02 5.752263610148360584e+01
2.356113867509494071e+02 3.954681231976987021e+01
2.374043585489043267e+02 6.111780085782631744e+01
2.378002922183986811e+02 4.493955945428410104e+01
2.390209690292732603e+02 5.392747134514073792e+01
2.396765500891656018e+02 9.886703079942499528e+01
2.417440574230768675e+02 2.157098853805629446e+01
2.435010040508689144e+02 3.595164756342715862e+01
2.436214038674858671e+02 4.314197707611258892e+01
2.440739501555141544e+02 2.876131805074172476e+01
2.445374043675396933e+02 7.909362463954005307e+01
2.445801203033281865e+02 5.212988896696953134e+01
2.453037836950827000e+02 5.572505372331224294e+01
2.460618334206379814e+02 9.347428366491091367e+01
2.465037030370181697e+02 9.706944842125363948e+01
2.494986832113685296e+02 4.493955945428410104e+01
2.508891898364302335e+02 4.134439469794123312e+01
2.510585167026703743e+02 7.729604226136854095e+01
2.517066701456489852e+02 9.347428366491091367e+01
2.531508744575554317e+02 7.190329512685461566e+01
2.539600460825206198e+02 5.572505372331224294e+01
2.579276757764781109e+02 7.190329512685461566e+01
2.581362902714969891e+02 5.932021847965496164e+01
2.581362902714971028e+02 8.448637177405397836e+01
2.588918467852456615e+02 7.549845988319734147e+01
2.590801115742130492e+02 7.549845988319734147e+01
2.605171084513267488e+02 7.190329512685447355e+01
2.618591613429049971e+02 5.932021847965496164e+01
2.630726786351287387e+02 9.706944842125363948e+01
2.635490051043039443e+02 1.042597779339390627e+02
2.635815771267766650e+02 7.010571274868311775e+01
2.638719706655903678e+02 5.932021847965496164e+01
2.638719706655905384e+02 8.089120701771126676e+01
2.639496600654552481e+02 6.830813037051174774e+01
2.670953715236095150e+02 8.987911890856804575e+01
2.695256508534156978e+02 8.268878939588276467e+01
2.698548814880032296e+02 9.527186604308226947e+01
2.705133201972701613e+02 5.572505372331209372e+01
2.708079714857415752e+02 6.111780085782631744e+01
2.709694417585639030e+02 1.168428545811385675e+02
2.710681144097751485e+02 7.729604226136854095e+01
2.718838542610249647e+02 1.060573603121102622e+02
2.746823856561962884e+02 7.190329512685447355e+01
2.768221589076956661e+02 8.268878939588262256e+01
2.776578780375331803e+02 7.549845988319718515e+01
2.776578780375331803e+02 7.909362463953989675e+01
2.778781805329979875e+02 9.886703079942499528e+01
2.804081599310510455e+02 7.190329512685447355e+01
2.805440695398086746e+02 8.808153653039668995e+01
2.805888536273205887e+02 9.886703079942483896e+01
2.814310795813386790e+02 7.190329512685461566e+01
2.816930373843304665e+02 7.549845988319718515e+01
2.818181023404420102e+02 1.042597779339390627e+02
2.835947140963117477e+02 9.527186604308226947e+01
2.846811925645168344e+02 8.808153653039668995e+01
2.858198063051980853e+02 5.033230658879817554e+01
2.859852522574042837e+02 7.729604226136854095e+01
2.861803358569903821e+02 7.190329512685447355e+01
2.865510648117118535e+02 8.268878939588276467e+01
2.868992436051850063e+02 7.729604226136854095e+01
2.870522519278134723e+02 8.628395415222549047e+01
2.882233778498581387e+02 9.347428366491091367e+01
2.886059042291585683e+02 8.448637177405397836e+01
2.888333062055315850e+02 9.347428366491091367e+01
2.890790264114197043e+02 8.808153653039668995e+01
2.900631141162081690e+02 1.042597779339390627e+02
2.900715142638250086e+02 7.909362463953989675e+01
2.906849953361455050e+02 9.347428366491091367e+01
2.915170627467243776e+02 8.448637177405412046e+01
2.922129827183194948e+02 9.347428366491091367e+01
2.922739069733390807e+02 5.033230658879817554e+01
2.925984374430737489e+02 8.448637177405397836e+01
2.928248616404188738e+02 8.089120701771126676e+01
2.933222546087912406e+02 8.628395415222549047e+01
2.937247874747999958e+02 1.006646131775963511e+02
2.955188543158375865e+02 8.448637177405412046e+01
2.964803968431514818e+02 8.268878939588262256e+01
2.965711599279516690e+02 8.268878939588276467e+01
2.983401891087748936e+02 5.572505372331224294e+01
2.984209681851971254e+02 9.886703079942483896e+01
2.996147861336347660e+02 8.628395415222549047e+01
2.996209504506924191e+02 9.167670128673955787e+01
3.005883015597805183e+02 8.628395415222531994e+01
3.010085085287018956e+02 9.706944842125363948e+01
3.012802385689544167e+02 8.808153653039668995e+01
3.019015564867466992e+02 8.448637177405397836e+01
3.021292324382209245e+02 7.190329512685447355e+01
3.022443884399388594e+02 8.268878939588276467e+01
3.032180780754723060e+02 7.729604226136854095e+01
3.038192883129224811e+02 9.167670128673955787e+01
3.044765605152368266e+02 8.448637177405397836e+01
3.049405930261174831e+02 9.347428366491091367e+01
3.056553058902035787e+02 8.628395415222549047e+01
3.056787936569506883e+02 8.628395415222531994e+01
3.068760519648649847e+02 9.347428366491091367e+01
3.079865128425236094e+02 7.909362463954005307e+01
3.082248615059579606e+02 7.370087750502581514e+01
3.082663410859486817e+02 8.628395415222549047e+01
3.083990292611687778e+02 8.808153653039684627e+01
3.092907129928161112e+02 8.268878939588276467e+01
3.094641898360241612e+02 9.706944842125363948e+01
3.099174416281204572e+02 1.096525250684529880e+02
3.099621912602999032e+02 8.808153653039668995e+01
3.103275702171171133e+02 7.729604226136854095e+01
3.108291462535761980e+02 7.370087750502581514e+01
3.110912753563872570e+02 7.729604226136854095e+01
3.114975240071971143e+02 5.572505372331224294e+01
3.119200072039082556e+02 8.268878939588262256e+01
3.123239974555400522e+02 6.111780085782631744e+01
3.124890844212800971e+02 6.291538323599768034e+01
3.136343802032617418e+02 5.572505372331224294e+01
3.139653247279873085e+02 7.729604226136854095e+01
3.145716877484973111e+02 1.024621955557675506e+02
3.155535067109452712e+02 8.089120701771126676e+01
3.162258887308119029e+02 7.729604226136854095e+01
3.167823925407504930e+02 7.909362463953989675e+01
3.169120608769877094e+02 8.808153653039668995e+01
3.172934321458718614e+02 6.651054799234039194e+01
3.175849674195300167e+02 7.549845988319734147e+01
3.179543284822607916e+02 6.111780085782616823e+01
3.184480436496726838e+02 5.572505372331224294e+01
3.185138810969843917e+02 7.549845988319702883e+01
3.185948062796772433e+02 7.909362463953989675e+01
3.188071759315072313e+02 7.010571274868311775e+01
3.189843281814387979e+02 6.651054799234039194e+01
3.197933109516246191e+02 1.078549426902817743e+02
3.202625300365096450e+02 7.370087750502581514e+01
3.209051544643572242e+02 5.752263610148360584e+01
3.221959603932081677e+02 4.673714183245530052e+01
3.221959603932082246e+02 6.830813037051174774e+01
3.228535237466476246e+02 7.729604226136854095e+01
3.233552116019886284e+02 5.932021847965496164e+01
3.240126911239916581e+02 1.078549426902817743e+02
3.241576727193807415e+02 7.729604226136854095e+01
3.241800649624400421e+02 6.291538323599768034e+01
3.241800649624400990e+02 1.060573603121102622e+02
3.242386702649790209e+02 6.651054799234039194e+01
3.244520437065468741e+02 4.493955945428410104e+01
3.247348456809893946e+02 8.268878939588262256e+01
3.255895931745266125e+02 6.830813037051174774e+01
3.258385885381395042e+02 5.932021847965496164e+01
3.261587262878269939e+02 6.111780085782648086e+01
3.261613351127941201e+02 6.651054799234039194e+01
3.264380395181955237e+02 7.190329512685447355e+01
3.264991102763313506e+02 6.471296561416903614e+01
3.272787946723948949e+02 6.651054799234039194e+01
3.280237389985520053e+02 5.572505372331224294e+01
3.281413092951391945e+02 6.111780085782631744e+01
3.281927015614241441e+02 6.651054799234039194e+01
3.287997264649615659e+02 6.111780085782631744e+01
3.296051257517760291e+02 1.132476898247956996e+02
3.304303692132322112e+02 6.651054799234039194e+01
3.305571824745468916e+02 1.078549426902817743e+02
3.308112251598595321e+02 6.291538323599768034e+01
3.308588167289383932e+02 7.549845988319718515e+01
3.320527195117399515e+02 6.471296561416889404e+01
3.327441120914411954e+02 7.909362463953989675e+01
3.341838599178684035e+02 9.167670128673940155e+01
3.343808621260758400e+02 6.291538323599768034e+01
3.345817343231923360e+02 5.392747134514088714e+01
3.348179470156904927e+02 6.291538323599768034e+01
3.355693888918112862e+02 6.651054799234039194e+01
3.377517745646002822e+02 6.651054799234039194e+01
3.379831291741607515e+02 6.651054799234039194e+01
3.385967037790176164e+02 4.853472421062681974e+01
3.387124076264862538e+02 7.909362463953989675e+01
3.387547178596926756e+02 5.392747134514088714e+01
3.395145553084913672e+02 6.291538323599768034e+01
3.398487041706080163e+02 6.471296561416903614e+01
3.403664249613251513e+02 5.932021847965496164e+01
3.416231710803535293e+02 6.651054799234039194e+01
3.439505454803148723e+02 7.190329512685447355e+01
3.440607677165431824e+02 3.415406518525579571e+01
3.442629675043194766e+02 6.291538323599768034e+01
3.446912886230210802e+02 6.291538323599768034e+01
3.463049886416853838e+02 5.572505372331224294e+01
3.473083727986249869e+02 7.549845988319718515e+01
3.499300418148668541e+02 5.932021847965496164e+01
3.510216987329714584e+02 9.347428366491091367e+01
3.525425627484121378e+02 4.314197707611258892e+01
3.526088173739053104e+02 6.291538323599768034e+01
3.545392806351005106e+02 7.010571274868311775e+01
3.564593548996592176e+02 3.774922994159867073e+01
3.569187341001956497e+02 4.493955945428395182e+01
3.575794265314984273e+02 7.010571274868311775e+01
3.590418504198122491e+02 4.493955945428395182e+01
3.598780680127594565e+02 6.651054799234039194e+01
3.611403075054744818e+02 3.415406518525595203e+01
3.612994978153606098e+02 9.347428366491091367e+01
3.664265303478322835e+02 9.347428366491091367e+01
3.684060948964390718e+02 8.089120701771126676e+01
3.737831596012637192e+02 1.276283488501667165e+02
3.744551867171269350e+02 1.114501074466244859e+02
3.750453590016702492e+02 8.268878939588276467e+01
3.751059371639584015e+02 9.347428366491091367e+01
3.755951418872777481e+02 6.111780085782631744e+01
3.816946252165109854e+02 7.729604226136854095e+01
3.818963454675164257e+02 1.420090078755375771e+02
3.848400820548046681e+02 1.420090078755375771e+02
3.849686422833680126e+02 1.222356017156526349e+02
3.893097693610847614e+02 1.204380193374811370e+02
3.904666135179396633e+02 1.096525250684529880e+02
3.918125793348626189e+02 1.060573603121102622e+02
3.921056077963216353e+02 6.471296561416903614e+01
3.942633788930556875e+02 1.042597779339390627e+02
3.944145040565878730e+02 5.752263610148360584e+01
3.945356715694603054e+02 1.078549426902817743e+02
3.964632053355451831e+02 1.402114254973662355e+02
3.971872469026793055e+02 1.384138431191950076e+02
3.982681958958632435e+02 1.258307664719953607e+02
3.986833468656491277e+02 1.096525250684529880e+02
3.999905408400760507e+02 1.276283488501665602e+02
4.030307103117175416e+02 1.348186783628522960e+02
4.037503765199294889e+02 1.258307664719953607e+02
4.057297810160227414e+02 1.132476898247956996e+02
4.061615435468527835e+02 1.348186783628522960e+02
4.077841463420739956e+02 1.024621955557675506e+02
4.085478554291345290e+02 1.096525250684529880e+02
4.088456974428684703e+02 7.190329512685461566e+01
4.107901640223214486e+02 8.268878939588276467e+01
4.120451981659294916e+02 9.167670128673940155e+01
4.121735783492260339e+02 8.808153653039668995e+01
4.126526936371393504e+02 1.042597779339390627e+02
4.139044403762490560e+02 1.168428545811385675e+02
4.139491179003646835e+02 1.096525250684529880e+02
4.139722931407437159e+02 1.114501074466244859e+02
4.146075530514780212e+02 9.886703079942483896e+01
4.149738039335912276e+02 8.268878939588276467e+01
4.158709379519896743e+02 8.268878939588276467e+01
4.159141169138979421e+02 1.707703259262794688e+02
4.170933213840511939e+02 8.808153653039668995e+01
4.173665671095372431e+02 1.042597779339390627e+02
4.175845678116530166e+02 1.078549426902817743e+02
4.180432612282861555e+02 1.024621955557675506e+02
4.181760124108619152e+02 8.808153653039668995e+01
4.181791736043490459e+02 7.549845988319718515e+01
4.200097135019741472e+02 8.808153653039668995e+01
4.204311954104579172e+02 7.549845988319718515e+01
4.205384615338875847e+02 9.706944842125363948e+01
4.205483129979193677e+02 7.729604226136854095e+01
4.211151977147054595e+02 1.204380193374811370e+02
4.211481413054027598e+02 9.886703079942483896e+01
4.214471976342679227e+02 1.096525250684529880e+02
4.218473945150575446e+02 9.886703079942483896e+01
4.227801842817145257e+02 7.549845988319718515e+01
4.230148997825074844e+02 8.808153653039668995e+01
4.233449992418349552e+02 6.291538323599768034e+01
4.237603500441905453e+02 1.006646131775963511e+02
4.237707626687275138e+02 1.042597779339390627e+02
4.242072664597823746e+02 1.006646131775963511e+02
4.247057234019458747e+02 9.886703079942483896e+01
4.249907783694279146e+02 1.114501074466244859e+02
4.252245332497383288e+02 7.549845988319718515e+01
4.255326256010819179e+02 9.347428366491091367e+01
4.257109429363247273e+02 1.042597779339389064e+02
4.258747207786133231e+02 9.706944842125363948e+01
4.265330978888820823e+02 4.673714183245530052e+01
4.266395043320958393e+02 9.706944842125348316e+01
4.267474855166303769e+02 9.886703079942483896e+01
4.273088715742035220e+02 8.987911890856804575e+01
4.277626075790151958e+02 7.549845988319718515e+01
4.282963353039631329e+02 1.456041726318804592e+02
4.285667878317620989e+02 9.347428366491077156e+01
4.289441693391864305e+02 9.347428366491091367e+01
4.298150399361700806e+02 9.706944842125363948e+01
4.299871234484897968e+02 1.150452722029672117e+02
4.313460270680018880e+02 1.078549426902817743e+02
4.328659925987063275e+02 9.347428366491077156e+01
4.330429168376932125e+02 4.673714183245530052e+01
4.336274257014795808e+02 5.033230658879802633e+01
4.340275547327464096e+02 8.987911890856820207e+01
4.358674731900493953e+02 9.706944842125363948e+01
4.359951546340332129e+02 1.060573603121104185e+02
4.360995178602562987e+02 6.111780085782631744e+01
4.362310309758082099e+02 7.909362463954005307e+01
4.364580448384408555e+02 1.006646131775963511e+02
4.370933891324081628e+02 9.347428366491091367e+01
4.372136554948530147e+02 5.033230658879802633e+01
4.380252370878767465e+02 7.549845988319734147e+01
4.382370388737125495e+02 6.651054799234039194e+01
4.393520974464940991e+02 8.808153653039668995e+01
4.400122310968700958e+02 8.268878939588276467e+01
4.436745367164360800e+02 9.527186604308212736e+01
4.438386117321209099e+02 8.628395415222549047e+01
4.461584215921979535e+02 7.549845988319734147e+01
4.470453212574032023e+02 8.628395415222549047e+01
4.501634169325174639e+02 8.089120701771126676e+01
4.576329475957444970e+02 5.572505372331209372e+01
4.579053664276659106e+02 3.774922994159867073e+01
4.580699487293013590e+02 1.438065902537086238e+01
4.580699487293013590e+02 2.516615329439901316e+01
4.590975820238663232e+02 4.493955945428410104e+01
4.592674772068054381e+02 5.033230658879802633e+01
4.616345381414449776e+02 3.595164756342715862e+01
4.653264784822441129e+02 4.493955945428410104e+01
4.658977664678096176e+02 8.268878939588262256e+01
4.666036087803722694e+02 2.157098853805629446e+01
4.667519475199044905e+02 3.415406518525579571e+01
4.695333695471696842e+02 1.797582378171357931e+01
4.700225746862573146e+02 2.876131805074187753e+01
4.712139919641447250e+02 3.055890042891324043e+01
4.713077060607787416e+02 8.089120701771126676e+01
4.731136283205555628e+02 -0.000000000000000000e+00
4.731691091254061803e+02 1.797582378171357931e+01
4.767808695063977211e+02 1.258307664719950658e+01
4.784879487326655862e+02 3.954681231977002653e+01
4.791449579495625244e+02 6.471296561416903614e+01
4.793953169913367560e+02 1.491993373882231708e+02
4.796126089373037757e+02 2.336857091622780658e+01
4.798811950966388054e+02 2.336857091622780658e+01
4.808569173621343680e+02 2.516615329439901316e+01
4.832397507720264116e+02 1.078549426902814723e+01
4.843612071429248545e+02 1.527945021445658824e+02
4.844666926087109573e+02 2.336857091622780658e+01
4.849985904089002702e+02 2.157098853805629446e+01
4.881479003110283088e+02 1.797582378171357931e+01
4.892762370628619806e+02 3.595164756342715862e+01
4.939487751360946390e+02 3.415406518525579571e+01
4.939744069469480223e+02 1.617824140354222351e+01
4.956724670125375383e+02 1.438065902537086238e+01
4.986612505813366170e+02 1.977340615988493511e+01
5.044264315662517788e+02 2.336857091622765026e+01
5.074935628171921849e+02 2.696373567257051818e+01
5.103125858114011066e+02 1.977340615988493511e+01
5.270711438976858290e+02 6.291538323599768034e+01
5.302865865661087810e+02 1.797582378171204809e+00
5.322128938426907325e+02 8.448637177405397836e+01
5.323702226649364775e+02 8.808153653039668995e+01
5.336375400524943871e+02 6.651054799234039194e+01
5.342367800227747239e+02 7.190329512685431190e+00
5.347265425570332127e+02 4.853472421062681974e+01
5.349563879321564173e+02 3.595164756342715862e+01
5.354837186866033107e+02 2.516615329439916593e+01
5.357749075642223033e+02 6.111780085782631744e+01
5.369492860908652574e+02 5.033230658879817554e+01
5.400941399182837586e+02 4.493955945428410104e+01
5.404925009327089356e+02 3.595164756342730783e+01
5.502515018648216483e+02 4.493955945428395182e+01
5.527938277278768737e+02 4.853472421062666342e+01
5.555203343224125092e+02 5.392747134514073792e+01
5.578783474436309007e+02 5.572505372331224294e+01
5.591662336604988468e+02 5.932021847965496164e+01
5.612201658945891722e+02 3.595164756342730783e+01
5.705309196758927328e+02 4.853472421062681974e+01
