# data from file /Users/tpaneque/Documents/MAPS/hd163296/HD_163296_13CO_220GHz.robust_0.5.JvMcorr.image.fits
# parameters used:
# PA: -133.3
# inc: 46.7
# dist: 101.0 
# vsys: 5.8
# r[au] h[au]
1.904278600331931770e+01 1.853483582484164227e+00
2.007721284510663295e+01 -0.000000000000000000e+00
2.340748976291072125e+01 3.706967164968249406e+00
2.388647176105672187e+01 9.267417912421215265e-01
2.565970259826707078e+01 5.560450747452334141e+00
2.565970259826714894e+01 -0.000000000000000000e+00
2.694188125448348003e+01 5.560450747452334141e+00
2.697112672731483585e+01 3.706967164968249406e+00
2.697112672731483585e+01 3.706967164968249406e+00
2.864066069191727237e+01 -0.000000000000000000e+00
2.965873848737534857e+01 4.633708956210291774e+00
2.965873848737534857e+01 8.340676121178463021e+00
3.068693167209855233e+01 1.853483582484085179e+00
3.120998635054749215e+01 4.633708956210291774e+00
3.135889866021771866e+01 7.413934329936498813e+00
3.146990400216767014e+01 1.204764328614679059e+01
3.148034449716426053e+01 9.267417912421215265e-01
3.148034449716426053e+01 9.267417912421215265e-01
3.148034449716426053e+01 9.267417912421215265e-01
3.168349386550485036e+01 1.204764328614679059e+01
3.241643338310027644e+01 1.853483582484085179e+00
3.266049763185649368e+01 3.706967164968170358e+00
3.334299309426429403e+01 9.267417912420425896e-01
3.363787618782406241e+01 1.019415970366270585e+01
3.375485552447712934e+01 9.267417912421215265e-01
3.384150754059013622e+01 5.560450747452255094e+00
3.392035897934328403e+01 3.706967164968170358e+00
3.423409837116913224e+01 1.019415970366270585e+01
3.442020750237084314e+01 1.482786865987291947e+01
3.461559778663524156e+01 9.267417912420583548e+00
3.520537060429919762e+01 2.780225373726127547e+00
3.526814086960150263e+01 2.780225373726206595e+00
3.526814086960150263e+01 2.780225373726206595e+00
3.526814086960150263e+01 2.780225373726206595e+00
3.558999807808832827e+01 5.560450747452255094e+00
3.559363415916765661e+01 9.267417912419637638e-01
3.638707650250637471e+01 1.853483582484085179e+00
3.652178252392531732e+01 2.780225373726127547e+00
3.657196005164456665e+01 1.853483582484085179e+00
3.657196005164456665e+01 7.413934329936498813e+00
3.707854093158663034e+01 6.487192538694377397e+00
3.712108617589994708e+01 7.413934329936498813e+00
3.712108617589995418e+01 1.853483582484085179e+00
3.728863527184301319e+01 3.706967164968170358e+00
3.742423672466307494e+01 3.706967164968249406e+00
3.755055283498961671e+01 6.487192538694456445e+00
3.761683326672405059e+01 1.853483582484085179e+00
3.767224168344520763e+01 2.780225373726206595e+00
3.801867523964713769e+01 5.560450747452334141e+00
3.808557200663855724e+01 6.487192538694456445e+00
3.833067540435711607e+01 9.267417912419637638e-01
3.833067540435711607e+01 9.267417912419637638e-01
3.896094741111956949e+01 6.487192538694456445e+00
3.901248293818443358e+01 3.706967164968249406e+00
3.913293280221962789e+01 9.267417912420425896e-01
3.922780266921307657e+01 3.706967164968170358e+00
3.933738000270962942e+01 4.633708956210291774e+00
3.987959601192525838e+01 1.853483582484085179e+00
3.988284101631552403e+01 9.267417912419637638e-01
4.001731085364080087e+01 4.633708956210291774e+00
4.075834242084826542e+01 1.853483582484085179e+00
4.085131327211026786e+01 4.633708956210291774e+00
4.085131327211026786e+01 4.633708956210291774e+00
4.086994013722454611e+01 3.706967164968249406e+00
4.098443344303678515e+01 3.706967164968328454e+00
4.107125449188242783e+01 3.706967164968170358e+00
4.140261507818765807e+01 3.706967164968170358e+00
4.146721489693824481e+01 9.267417912420425896e-01
4.163796721743938889e+01 9.267417912420425896e-01
4.163796721743938889e+01 9.267417912420425896e-01
4.170154900421423605e+01 9.267417912419637638e-01
4.199109757311583024e+01 4.633708956210291774e+00
4.217789876439366736e+01 2.780225373726127547e+00
4.217789876439370289e+01 2.780225373726127547e+00
4.228768350291279887e+01 1.853483582484164227e+00
4.244687387384797717e+01 1.853483582484164227e+00
4.252350263225601879e+01 3.706967164968170358e+00
4.252350263225604010e+01 3.706967164968170358e+00
4.253963632558816954e+01 1.853483582484085179e+00
4.253963632558819796e+01 1.853483582484085179e+00
4.291376110392478438e+01 3.706967164968328454e+00
4.291376110392480570e+01 3.706967164968328454e+00
4.338382665127128490e+01 9.267417912421215265e-01
4.369952524480133604e+01 -0.000000000000000000e+00
4.369952524480142131e+01 1.853483582484164227e+00
4.369952524480142131e+01 1.853483582484164227e+00
4.377796728504068113e+01 3.706967164968170358e+00
4.383906700200607531e+01 9.267417912420425896e-01
4.423377055976200722e+01 3.706967164968170358e+00
4.423377055976200722e+01 3.706967164968170358e+00
4.430565677950434633e+01 3.706967164968328454e+00
4.430565677950434633e+01 3.706967164968328454e+00
4.430565677950436765e+01 3.706967164968328454e+00
4.451189760588695066e+01 2.780225373726127547e+00
4.451189760588695066e+01 2.780225373726127547e+00
4.455307724244366341e+01 1.853483582484085179e+00
4.455307724244369894e+01 1.853483582484085179e+00
4.465187547915964217e+01 9.267417912421215265e-01
4.476685141887768538e+01 5.560450747452413189e+00
4.496696340547222803e+01 1.853483582484085179e+00
4.569696339085586345e+01 9.267417912421215265e-01
4.569696339085586345e+01 9.267417912421215265e-01
4.594963987325061083e+01 3.706967164968328454e+00
4.594963987325063925e+01 3.706967164968328454e+00
4.617339592223554945e+01 3.706967164968170358e+00
4.617339592223558498e+01 3.706967164968170358e+00
4.632301971101713178e+01 3.706967164968170358e+00
4.632301971101713178e+01 3.706967164968170358e+00
4.676869226382831357e+01 1.853483582484085179e+00
4.680144771536785697e+01 3.706967164968249406e+00
4.699347636480479196e+01 2.780225373726206595e+00
4.700651863011908915e+01 9.267417912421215265e-01
4.701723900883753515e+01 2.780225373726127547e+00
4.753784105597275556e+01 9.267417912421215265e-01
4.756362347436792959e+01 2.780225373726206595e+00
4.768489801138905193e+01 1.853483582484164227e+00
4.781971808301752702e+01 3.706967164968328454e+00
4.791334425544641107e+01 3.706967164968249406e+00
4.831476353340708130e+01 3.706967164968170358e+00
4.836576702471614908e+01 6.487192538694377397e+00
4.865180717158330737e+01 9.267417912420425896e-01
4.882313599708603391e+01 2.780225373726206595e+00
4.901134299245573800e+01 3.706967164968170358e+00
4.909909067535762262e+01 2.780225373726206595e+00
4.909909067535775051e+01 4.633708956210291774e+00
4.943750337101486281e+01 3.706967164968249406e+00
4.948944868771955186e+01 1.853483582484164227e+00
4.948944868771955186e+01 1.853483582484164227e+00
4.966800127638536821e+01 4.633708956210291774e+00
4.966800127638536821e+01 4.633708956210291774e+00
4.989047325729428906e+01 3.706967164968328454e+00
5.031974553202886824e+01 2.780225373726206595e+00
5.031974553202886824e+01 2.780225373726206595e+00
5.033530814934719189e+01 3.706967164968249406e+00
5.037791333064163268e+01 1.853483582484085179e+00
5.061210154402269978e+01 5.560450747452255094e+00
5.063228328671571887e+01 3.706967164968170358e+00
5.063228328671571887e+01 3.706967164968170358e+00
5.065097798447299482e+01 9.267417912421215265e-01
5.065097798447300903e+01 9.267417912421215265e-01
5.118029672263492103e+01 3.706967164968249406e+00
5.131940519653416288e+01 9.267417912421215265e-01
5.135114755675371612e+01 3.706967164968170358e+00
5.138124600167049039e+01 2.780225373726206595e+00
5.138124600167049039e+01 2.780225373726206595e+00
5.149310066127254260e+01 1.853483582484164227e+00
5.209510296181161948e+01 9.267417912421215265e-01
5.244213753087822738e+01 8.340676121178463021e+00
5.248887196639462616e+01 9.267417912421215265e-01
5.289023691709910224e+01 3.706967164968249406e+00
5.298785392848379416e+01 1.853483582484085179e+00
5.312020949614635867e+01 3.706967164968249406e+00
5.361106138953240219e+01 1.204764328614671243e+01
5.367356100771716143e+01 1.853483582484164227e+00
5.371757502937779094e+01 6.487192538694377397e+00
5.381748811920760289e+01 4.633708956210291774e+00
5.415496419684760809e+01 6.487192538694377397e+00
5.423643177248467850e+01 1.204764328614671243e+01
5.454044961449112350e+01 3.706967164968328454e+00
5.458538756524376367e+01 1.853483582484085179e+00
5.461747611345830933e+01 -0.000000000000000000e+00
5.503376320581313763e+01 6.487192538694456445e+00
5.519466167987506822e+01 9.267417912420425896e-01
5.523647700977740271e+01 3.706967164968249406e+00
5.526236509438344058e+01 3.706967164968170358e+00
5.532109071650471321e+01 8.340676121178463021e+00
5.560206533895233605e+01 6.487192538694377397e+00
5.601018423488703490e+01 5.560450747452413189e+00
5.601018423488703490e+01 7.413934329936498813e+00
5.617595467773754336e+01 9.267417912420583548e+00
5.638784856223528408e+01 4.633708956210291774e+00
5.653498616622035655e+01 9.267417912420583548e+00
5.664850618025624129e+01 7.413934329936498813e+00
5.664850618025629103e+01 7.413934329936498813e+00
5.707826278161742550e+01 3.706967164968328454e+00
5.712835800995772217e+01 9.267417912420583548e+00
5.715264320795188269e+01 7.413934329936498813e+00
5.723734053945019440e+01 8.340676121178463021e+00
5.723734053945022282e+01 8.340676121178463021e+00
5.750963379494366023e+01 3.706967164968249406e+00
5.751022651360298710e+01 2.780225373726127547e+00
5.762726269305453286e+01 6.487192538694377397e+00
5.777716664642727551e+01 6.487192538694377397e+00
5.778373803977819279e+01 6.487192538694456445e+00
5.802263550399663217e+01 9.267417912420583548e+00
5.805329355714378892e+01 1.204764328614679059e+01
5.826978659715136644e+01 4.633708956210291774e+00
5.843555695669282812e+01 7.413934329936419765e+00
5.848425579626124460e+01 7.413934329936498813e+00
5.897836074634926717e+01 8.340676121178463021e+00
5.907482335761800840e+01 8.340676121178541180e+00
5.977670318937023097e+01 7.413934329936498813e+00
5.977670318937028071e+01 7.413934329936498813e+00
5.983307693072858058e+01 9.267417912420583548e+00
5.985356330868701491e+01 9.267417912420583548e+00
6.003039035481374697e+01 7.413934329936498813e+00
6.003039035481379671e+01 7.413934329936498813e+00
6.006782000392210819e+01 9.267417912420503612e+00
6.023163853531993084e+01 3.706967164968170358e+00
6.040236977921666295e+01 6.487192538694377397e+00
6.058881005281214982e+01 7.413934329936419765e+00
6.065175568847195109e+01 8.340676121178463021e+00
6.107907551116596778e+01 7.413934329936498813e+00
6.107907551116596778e+01 7.413934329936498813e+00
6.155404188871720805e+01 1.112090149490466828e+01
6.155404188871720805e+01 1.112090149490466828e+01
6.176215233108896285e+01 1.112090149490466828e+01
6.186321924398731653e+01 8.340676121178541180e+00
6.187552105634240007e+01 9.267417912420583548e+00
6.187552105634244981e+01 9.267417912420583548e+00
6.203527929536912922e+01 9.267417912420583548e+00
6.203527929536917895e+01 9.267417912420583548e+00
6.213258750678022579e+01 6.487192538694377397e+00
6.271779732043550126e+01 6.487192538694456445e+00
6.273725999075150384e+01 7.413934329936498813e+00
6.288299723798380114e+01 7.413934329936419765e+00
6.296068899432859212e+01 1.019415970366262769e+01
6.298664635967360681e+01 1.204764328614679059e+01
6.313215833029227753e+01 6.487192538694377397e+00
6.315758669669295244e+01 8.340676121178463021e+00
6.338936668223735893e+01 7.413934329936498813e+00
6.377990753987168659e+01 7.413934329936498813e+00
6.386568010309732557e+01 9.267417912420583548e+00
6.416199568931766350e+01 1.019415970366270585e+01
6.436360503185348136e+01 1.204764328614679059e+01
6.440263989012385082e+01 9.267417912420503612e+00
6.463158857354467557e+01 4.633708956210291774e+00
6.473993270745019402e+01 1.019415970366262769e+01
6.483286676620062394e+01 6.487192538694456445e+00
6.489534187260046849e+01 1.019415970366262769e+01
6.489534187260052533e+01 1.019415970366262769e+01
6.495967171229452219e+01 9.267417912420583548e+00
6.495967171229457904e+01 9.267417912420583548e+00
6.517143390057562158e+01 1.019415970366262769e+01
6.526636197937787642e+01 1.297438507738875479e+01
6.526636197937790485e+01 7.413934329936498813e+00
6.530326661728703641e+01 7.413934329936419765e+00
6.537967111535513709e+01 7.413934329936498813e+00
6.537967111535513709e+01 1.112090149490466828e+01
6.577312443427143762e+01 8.340676121178463021e+00
6.577312443427148025e+01 1.019415970366254776e+01
6.583522651545455062e+01 1.204764328614679059e+01
6.592475579304947075e+01 1.019415970366270585e+01
6.592475579304947075e+01 1.390112686863087710e+01
6.595354734338880576e+01 6.487192538694377397e+00
6.656998841111749243e+01 1.204764328614679059e+01
6.672593349540240126e+01 6.487192538694377397e+00
6.679844227465717665e+01 7.413934329936498813e+00
6.679844227465717665e+01 1.297438507738875479e+01
6.710263883845708222e+01 1.297438507738875479e+01
6.714109665502769531e+01 1.204764328614663427e+01
6.720282043720683873e+01 6.487192538694377397e+00
6.720282043720683873e+01 1.204764328614671243e+01
6.750971104895424446e+01 1.019415970366262769e+01
6.761052246126506304e+01 1.019415970366270585e+01
6.761052246126510568e+01 1.019415970366270585e+01
6.769370524605945150e+01 8.340676121178541180e+00
6.840124220053591841e+01 7.413934329936498813e+00
6.849338381083165928e+01 1.112090149490466828e+01
6.853821539521410955e+01 6.487192538694377397e+00
6.866963515858462586e+01 9.267417912420583548e+00
6.901156055393227007e+01 6.487192538694377397e+00
6.948182731358386377e+01 1.112090149490466828e+01
6.963993144217756992e+01 1.204764328614679059e+01
6.980062930787444486e+01 6.487192538694377397e+00
6.980062930787448749e+01 1.204764328614663427e+01
6.981285035818692108e+01 6.487192538694377397e+00
6.989728500568956804e+01 1.019415970366270585e+01
6.991891276355688944e+01 1.204764328614679059e+01
7.005282233922250157e+01 1.204764328614671243e+01
7.036702838739812194e+01 3.706967164968170358e+00
7.053628173920313316e+01 1.204764328614679059e+01
7.128452659979510031e+01 4.633708956210291774e+00
7.141301443423979833e+01 1.204764328614671243e+01
7.161460981469117826e+01 1.019415970366262769e+01
7.182761268736911120e+01 6.487192538694377397e+00
7.202419579407865058e+01 9.267417912420583548e+00
7.202419579407865058e+01 1.482786865987299763e+01
7.214428621692741217e+01 5.560450747452334141e+00
7.219829014710910542e+01 3.706967164968170358e+00
7.226561312637902290e+01 1.297438507738875479e+01
7.232496561113100597e+01 7.413934329936498813e+00
7.239760448191779574e+01 1.297438507738875479e+01
7.250075527282268695e+01 1.204764328614671243e+01
7.251886112001959361e+01 2.780225373726206595e+00
7.251886112001962204e+01 1.390112686863087710e+01
7.254865053707413836e+01 6.487192538694377397e+00
7.283872386971994217e+01 1.204764328614679059e+01
7.319234663607322489e+01 1.297438507738875479e+01
7.321725724671809132e+01 1.204764328614679059e+01
7.363339859117915864e+01 1.482786865987291947e+01
7.371641451730496897e+01 1.112090149490474822e+01
7.396453351303112811e+01 1.482786865987299763e+01
7.415956058912276205e+01 4.633708956210291774e+00
7.443887384900097004e+01 7.413934329936498813e+00
7.443887384900097004e+01 1.297438507738875479e+01
7.486214323555833516e+01 6.487192538694377397e+00
7.514156413451689787e+01 9.267417912420583548e+00
7.516757320227853256e+01 1.390112686863087710e+01
7.533309163399425756e+01 9.267417912420583548e+00
7.546145530816177427e+01 1.297438507738875479e+01
7.599523866868221944e+01 1.297438507738875479e+01
7.603735047929436064e+01 9.267417912420425896e-01
7.606627623213195477e+01 1.482786865987291947e+01
7.615068595530051709e+01 1.297438507738883295e+01
7.617114401327711448e+01 2.780225373726206595e+00
7.629524046238826429e+01 1.204764328614671243e+01
7.651926858834758605e+01 9.267417912420425896e-01
7.652950360075045921e+01 1.482786865987283953e+01
7.662260435724161312e+01 6.487192538694377397e+00
7.710236683932804169e+01 4.633708956210291774e+00
7.757060334382907740e+01 1.668135224235692604e+01
7.802496587636900927e+01 8.340676121178541180e+00
7.812957925926758662e+01 1.204764328614671243e+01
7.821905552710524034e+01 1.482786865987299763e+01
7.824908955251279963e+01 1.204764328614679059e+01
7.847713091639479899e+01 5.560450747452413189e+00
7.869892937746730865e+01 1.297438507738875479e+01
7.887536803701357258e+01 9.267417912421215265e-01
7.927113020095464435e+01 1.668135224235708236e+01
7.939441387301133091e+01 9.267417912420583548e+00
8.008645034554353970e+01 1.482786865987283953e+01
8.010439196232671577e+01 1.390112686863079716e+01
8.051348731292107175e+01 9.267417912420583548e+00
8.066926279364578534e+01 3.706967164968170358e+00
8.139086348754389633e+01 2.780225373726206595e+00
8.172406833718355301e+01 1.390112686863079716e+01
8.180784340427705104e+01 1.112090149490466828e+01
8.180784340427715051e+01 5.560450747452334141e+00
8.197310281020926936e+01 1.112090149490466828e+01
8.197310281020926936e+01 1.297438507738875479e+01
8.237758957056368558e+01 1.853483582484085179e+00
8.260695090185059541e+01 7.413934329936498813e+00
8.293656492895176768e+01 3.706967164968170358e+00
8.297106865024558431e+01 3.706967164968249406e+00
8.357832383799107845e+01 -0.000000000000000000e+00
8.364465132980942030e+01 8.340676121178541180e+00
8.406327371185740560e+01 1.019415970366270585e+01
8.423961391597447346e+01 1.853483582484085179e+00
8.424844555864538620e+01 1.204764328614663427e+01
8.443071143834487202e+01 1.112090149490466828e+01
8.443071143834502834e+01 -0.000000000000000000e+00
8.468095564817130594e+01 6.487192538694456445e+00
8.479741801292841785e+01 1.204764328614671243e+01
8.480338136178659170e+01 5.560450747452334141e+00
8.527974867895871114e+01 7.413934329936498813e+00
8.539178635254086203e+01 9.267417912420583548e+00
8.592198207575164304e+01 9.267417912420583548e+00
8.592340868187592662e+01 4.633708956210291774e+00
8.593506048617129522e+01 1.853483582484085179e+00
8.604285939671284211e+01 6.487192538694377397e+00
8.621795458724538719e+01 1.853483582484085179e+00
8.626729227249437315e+01 1.390112686863079716e+01
8.703853040664843377e+01 1.204764328614671243e+01
8.726969001286816763e+01 6.487192538694456445e+00
8.744517018570864764e+01 4.633708956210291774e+00
8.744517018570864764e+01 1.019415970366270585e+01
8.745609490149367105e+01 1.297438507738875479e+01
8.785033630878236011e+01 5.560450747452334141e+00
8.817035217400396618e+01 8.340676121178541180e+00
8.817035217400396618e+01 8.340676121178541180e+00
8.828992571029191083e+01 5.560450747452255094e+00
8.828992571029196768e+01 1.297438507738883295e+01
8.861223503642698063e+01 1.204764328614679059e+01
8.865505589505207240e+01 8.340676121178541180e+00
8.941527647131216838e+01 1.390112686863079716e+01
9.014430936447517695e+01 1.204764328614679059e+01
9.060355466882496955e+01 9.267417912420583548e+00
9.122049704481125332e+01 1.668135224235708236e+01
9.126080713180198245e+01 9.267417912420503612e+00
9.130445630981347449e+01 7.413934329936498813e+00
9.153153956149729709e+01 1.482786865987291947e+01
9.159180924039765159e+01 6.487192538694377397e+00
9.201541407190975974e+01 1.204764328614679059e+01
9.202305580348664193e+01 7.413934329936498813e+00
9.202305580348664193e+01 1.297438507738875479e+01
9.240032037968957468e+01 9.267417912420583548e+00
9.254065050022178696e+01 8.340676121178463021e+00
9.277430798520639144e+01 1.297438507738875479e+01
9.362995905164267185e+01 1.204764328614679059e+01
9.366786782991540861e+01 9.267417912420503612e+00
9.407843186210253350e+01 1.112090149490466828e+01
9.407843186210263298e+01 1.297438507738875479e+01
9.420310521164176976e+01 1.297438507738883295e+01
9.427427510107058595e+01 8.340676121178463021e+00
9.440323602652375712e+01 1.204764328614679059e+01
9.626650305168062971e+01 1.297438507738875479e+01
9.673153404943225553e+01 1.019415970366262769e+01
9.676745363592173987e+01 1.204764328614663427e+01
9.723296165996663376e+01 1.297438507738883295e+01
9.729348215055424021e+01 1.204764328614679059e+01
9.738849970353925301e+01 1.390112686863079716e+01
9.759261839034081731e+01 1.112090149490466828e+01
9.766309739677673463e+01 1.019415970366270585e+01
9.771057695561106016e+01 1.297438507738875479e+01
9.784759106141913776e+01 1.760809403359904834e+01
9.817475336514220885e+01 1.575461045111496183e+01
9.867662865144109219e+01 1.112090149490474822e+01
9.883919790580821996e+01 1.390112686863087710e+01
9.897889737543897581e+01 1.204764328614671243e+01
9.907621624345011924e+01 1.575461045111496183e+01
9.925899207740134500e+01 1.482786865987299763e+01
9.947146216419743325e+01 1.019415970366254776e+01
1.001130333398702845e+02 1.668135224235708236e+01
1.001169786410705598e+02 1.297438507738875479e+01
1.005774127275829386e+02 9.267417912420583548e+00
1.006348878404069325e+02 1.112090149490466828e+01
1.006394910640577365e+02 1.204764328614663427e+01
1.007821188582026792e+02 1.946157761608312953e+01
1.008042306558103007e+02 1.204764328614679059e+01
1.009356278458349152e+02 1.204764328614671243e+01
1.012645665734313383e+02 1.204764328614671243e+01
1.012645665734314377e+02 1.760809403359904834e+01
1.014157836918976301e+02 1.482786865987283953e+01
1.014402434560743131e+02 1.112090149490474822e+01
1.015035377000454844e+02 6.487192538694377397e+00
1.019269939910873433e+02 1.019415970366270585e+01
1.019871160137481070e+02 1.390112686863087710e+01
1.021801161612416848e+02 1.112090149490466828e+01
1.023574813117770219e+02 1.390112686863079716e+01
1.026388103930684110e+02 1.019415970366262769e+01
1.026905726985238374e+02 1.204764328614679059e+01
1.027106494546214606e+02 1.668135224235692604e+01
1.029862013225449147e+02 1.760809403359904834e+01
1.032121313061112460e+02 1.297438507738875479e+01
1.032121313061114165e+02 1.112090149490466828e+01
1.032999255467574926e+02 1.482786865987283953e+01
1.035954265420247822e+02 1.668135224235692604e+01
1.036068641719449204e+02 1.112090149490466828e+01
1.036412886824681294e+02 1.204764328614679059e+01
1.039354747396712213e+02 1.204764328614679059e+01
1.044291348596683235e+02 1.297438507738883295e+01
1.044291348596683804e+02 1.668135224235692604e+01
1.044354436723988186e+02 1.297438507738875479e+01
1.048807861386072915e+02 2.038831940732525538e+01
1.049194822635982689e+02 1.482786865987283953e+01
1.049909120266673028e+02 1.390112686863087710e+01
1.050383877119376450e+02 1.482786865987283953e+01
1.051251264365579630e+02 1.760809403359904834e+01
1.060696408649975524e+02 1.204764328614671243e+01
1.065214163879543889e+02 6.487192538694377397e+00
1.065477580413135570e+02 1.946157761608328940e+01
1.067183110479017074e+02 1.482786865987283953e+01
1.067183110479017074e+02 1.482786865987283953e+01
1.067895592259387172e+02 1.482786865987291947e+01
1.068708468606955933e+02 1.482786865987283953e+01
1.069182505782448089e+02 1.297438507738883295e+01
1.071314540504938719e+02 1.112090149490474822e+01
1.073594308862794549e+02 1.482786865987291947e+01
1.073675033550103137e+02 1.390112686863087710e+01
1.074219147220366608e+02 9.267417912420425896e-01
1.076136027069194228e+02 1.390112686863087710e+01
1.078038726247903440e+02 1.297438507738875479e+01
1.078356938397072042e+02 9.267417912420583548e+00
1.086715958685242640e+02 1.760809403359904834e+01
1.088903729849774180e+02 1.297438507738875479e+01
1.090808992289822470e+02 1.390112686863087710e+01
1.092643762616212371e+02 1.204764328614671243e+01
1.093209156062411722e+02 1.575461045111496183e+01
1.093591623803093142e+02 1.390112686863087710e+01
1.093591623803093142e+02 1.575461045111496183e+01
1.094021101924893884e+02 1.482786865987283953e+01
1.096782529175587371e+02 1.668135224235708236e+01
1.097457176940257426e+02 1.297438507738883295e+01
1.100505699717421635e+02 1.112090149490474822e+01
1.100675264116262753e+02 1.575461045111496183e+01
1.101033475941035107e+02 1.390112686863087710e+01
1.104729540195547770e+02 1.760809403359904834e+01
1.107389854949666130e+02 1.482786865987291947e+01
1.108582379273133114e+02 1.297438507738875479e+01
1.112797440147174939e+02 1.297438507738875479e+01
1.114527591892252474e+02 1.482786865987283953e+01
1.116342431115495515e+02 1.019415970366270585e+01
1.117988525044700339e+02 1.946157761608328940e+01
1.119327348490478329e+02 2.038831940732525538e+01
1.120273744769043276e+02 9.267417912420583548e+00
1.121419786139969546e+02 1.482786865987283953e+01
1.127228567048300647e+02 1.575461045111496183e+01
1.127912320318676507e+02 1.575461045111496183e+01
1.128787416886227106e+02 1.204764328614671243e+01
1.129559011739893322e+02 1.297438507738883295e+01
1.130136509740181623e+02 1.668135224235708236e+01
1.130136509740182191e+02 1.297438507738875479e+01
1.130632240172378999e+02 1.204764328614679059e+01
1.131778631648982980e+02 1.575461045111496183e+01
1.133116211452751827e+02 1.668135224235708236e+01
1.135968922154995795e+02 1.297438507738883295e+01
1.135968922154997074e+02 2.224180298980933657e+01
1.136489820628690950e+02 1.390112686863087710e+01
1.139962203277529795e+02 2.131506119856721782e+01
1.144428606935824178e+02 1.204764328614671243e+01
1.146579777035523620e+02 1.390112686863087710e+01
1.148497866023593872e+02 8.340676121178463021e+00
1.149116819617787115e+02 1.482786865987283953e+01
1.151436096648823764e+02 2.131506119856721782e+01
1.158977440376257277e+02 1.760809403359904834e+01
1.159231418279308485e+02 1.390112686863087710e+01
1.159231418279308485e+02 1.390112686863087710e+01
1.160173285034988453e+02 1.668135224235708236e+01
1.161934874212791300e+02 1.297438507738883295e+01
1.166103403539745074e+02 2.038831940732525538e+01
1.169029417419136934e+02 7.413934329936419765e+00
1.173201048812358351e+02 1.946157761608312953e+01
1.174514632028144518e+02 1.575461045111496183e+01
1.178264598924819353e+02 2.224180298980933657e+01
1.180730683561402969e+02 1.575461045111496183e+01
1.181496603589620520e+02 8.340676121178463021e+00
1.181543888452736581e+02 1.204764328614671243e+01
1.181920240506286746e+02 1.297438507738875479e+01
1.183984738622566084e+02 1.390112686863087710e+01
1.188104419621191283e+02 1.482786865987291947e+01
1.190585300217502436e+02 1.668135224235708236e+01
1.191686025484128209e+02 1.204764328614679059e+01
1.194683786015960010e+02 8.340676121178463021e+00
1.194683786015960436e+02 1.019415970366270585e+01
1.194841113438360480e+02 9.267417912420583548e+00
1.198307665553995633e+02 1.760809403359904834e+01
1.198307665553995633e+02 2.872899552850387295e+01
1.198436551052253947e+02 1.204764328614679059e+01
1.200478048074858037e+02 1.575461045111496183e+01
1.201356400078442874e+02 1.204764328614671243e+01
1.203922564845721297e+02 1.575461045111496183e+01
1.203969378695236685e+02 2.224180298980933657e+01
1.205683918677403170e+02 1.575461045111496183e+01
1.206691993206577251e+02 1.482786865987291947e+01
1.209381141224816503e+02 9.267417912420583548e+00
1.210846754062094845e+02 1.482786865987283953e+01
1.213978731161997473e+02 1.760809403359904834e+01
1.214709383124553597e+02 8.340676121178463021e+00
1.215552402442270079e+02 1.575461045111496183e+01
1.216403907031807421e+02 1.482786865987283953e+01
1.223499216259364033e+02 1.204764328614679059e+01
1.224227676550230086e+02 1.668135224235692604e+01
1.229533003291103910e+02 2.594877015477766591e+01
1.230037668052997759e+02 1.297438507738883295e+01
1.231034352802014098e+02 2.224180298980933657e+01
1.234391968628388696e+02 1.575461045111496183e+01
1.235100904993303601e+02 1.204764328614679059e+01
1.236643444768065052e+02 2.594877015477766591e+01
1.237158271115849715e+02 1.019415970366262769e+01
1.239731381641640695e+02 1.482786865987299763e+01
1.240190149149310059e+02 1.760809403359904834e+01
1.240521278685663304e+02 1.297438507738875479e+01
1.240705585907383579e+02 1.575461045111496183e+01
1.241700031909634276e+02 1.297438507738875479e+01
1.242078452345630240e+02 2.038831940732525538e+01
1.242651750135604516e+02 1.760809403359904834e+01
1.245102711136380549e+02 9.267417912420583548e+00
1.248341748743779078e+02 1.204764328614671243e+01
1.248399454021903097e+02 1.946157761608312953e+01
1.249139016523181311e+02 1.204764328614679059e+01
1.252425376633733549e+02 1.668135224235708236e+01
1.254445119169291587e+02 1.575461045111496183e+01
1.256126418171641603e+02 1.668135224235692604e+01
1.259736831073774539e+02 1.297438507738883295e+01
1.259817249903628635e+02 1.760809403359904834e+01
1.260494599505674245e+02 1.297438507738883295e+01
1.262643166605844556e+02 1.204764328614679059e+01
1.265211943488759943e+02 2.038831940732525538e+01
1.266102148859893646e+02 1.946157761608312953e+01
1.266839980977999005e+02 1.760809403359904834e+01
1.267214520453829181e+02 1.482786865987291947e+01
1.267787333644747179e+02 1.760809403359904834e+01
1.267787333644747605e+02 1.204764328614671243e+01
1.268914988857561070e+02 1.390112686863087710e+01
1.268950434090784825e+02 5.560450747452413189e+00
1.269264918951365502e+02 1.390112686863087710e+01
1.270227191345825020e+02 2.965573731974567906e+01
1.274185781325337814e+02 1.853483582484116710e+01
1.275598150797434158e+02 1.204764328614671243e+01
1.280881166592770626e+02 9.267417912420583548e+00
1.282165868351636107e+02 1.297438507738875479e+01
1.282942642070520094e+02 1.204764328614671243e+01
1.283239913786352986e+02 1.760809403359904834e+01
1.284449053475350695e+02 1.112090149490466828e+01
1.291619714860980537e+02 1.760809403359904834e+01
1.291962040101661273e+02 5.560450747452334141e+00
1.301168967377219872e+02 1.946157761608328940e+01
1.302210613689355228e+02 3.150922090222992367e+01
1.302377574045289919e+02 1.204764328614679059e+01
1.302929688643887687e+02 1.019415970366254776e+01
1.303319587861303148e+02 1.204764328614671243e+01
1.303892217865591476e+02 1.390112686863087710e+01
1.304283379547262882e+02 2.780225373726175420e+01
1.305719665660967053e+02 1.482786865987283953e+01
1.309721517193581803e+02 1.204764328614679059e+01
1.316711870421511890e+02 9.267417912420583548e+00
1.317755835784869589e+02 1.946157761608312953e+01
1.320645876692901197e+02 1.390112686863079716e+01
1.328908342375365521e+02 1.112090149490466828e+01
1.329067076640909875e+02 1.019415970366254776e+01
1.329169703385131527e+02 9.267417912420583548e+00
1.331526110232311737e+02 2.594877015477750959e+01
1.336592317273308765e+02 9.267417912420583548e+00
1.339628333630129191e+02 9.267417912420583548e+00
1.340319591786804949e+02 1.204764328614679059e+01
1.340319591786804949e+02 1.204764328614679059e+01
1.342360929453620031e+02 2.316854478105145887e+01
1.342539891412159250e+02 2.316854478105145887e+01
1.342592140393851707e+02 1.760809403359904834e+01
1.343005542566331485e+02 9.267417912420503612e+00
1.344636129504606288e+02 1.390112686863087710e+01
1.345437202980188829e+02 1.946157761608312953e+01
1.346302572093005097e+02 1.204764328614679059e+01
1.349088560511659409e+02 6.487192538694377397e+00
1.349754278357076487e+02 1.853483582484116710e+01
1.350159552077564342e+02 9.267417912420583548e+00
1.350662266331500803e+02 7.413934329936419765e+00
1.353660301623607722e+02 8.340676121178463021e+00
1.354698367816131963e+02 3.428944627595596728e+01
1.355502195281687250e+02 9.267417912420503612e+00
1.356330473650333488e+02 2.316854478105145887e+01
1.356578019696278261e+02 1.482786865987283953e+01
1.356804309947850129e+02 1.204764328614679059e+01
1.356814359173732782e+02 1.204764328614663427e+01
1.361428175969869017e+02 3.706967164968170358e+00
1.361949995081875500e+02 2.131506119856721782e+01
1.365066460649175042e+02 5.560450747452334141e+00
1.366033931106551051e+02 8.340676121178463021e+00
1.366033931106551051e+02 1.390112686863087710e+01
1.369716012840865176e+02 2.316854478105145887e+01
1.369867676216631764e+02 6.487192538694377397e+00
1.370003528001724078e+02 8.340676121178463021e+00
1.370241618557716663e+02 2.038831940732525538e+01
1.372808989842717438e+02 1.853483582484116710e+01
1.377711421021374747e+02 8.340676121178463021e+00
1.378339115614226387e+02 6.487192538694377397e+00
1.386527302711263303e+02 3.243596269347204952e+01
1.387118509073773964e+02 1.482786865987283953e+01
1.387813102748770291e+02 7.413934329936498813e+00
1.388073797110108103e+02 8.340676121178463021e+00
1.390939800797630141e+02 5.560450747452334141e+00
1.391154235645470578e+02 1.853483582484116710e+01
1.391187882945134788e+02 2.316854478105145887e+01
1.392082548505672435e+02 1.853483582484116710e+01
1.392798628843551967e+02 1.390112686863079716e+01
1.392798628843552535e+02 2.131506119856721782e+01
1.393381538619831019e+02 1.390112686863087710e+01
1.393979563491847671e+02 2.594877015477750959e+01
1.395780347140296840e+02 1.482786865987291947e+01
1.403887810710073154e+02 9.267417912420583548e+00
1.407049703734183197e+02 2.780225373726206595e+00
1.408214824171969894e+02 2.780225373726127547e+00
1.411425146332018130e+02 7.413934329936498813e+00
1.411598856916532441e+02 1.297438507738875479e+01
1.413701430486543416e+02 1.204764328614671243e+01
1.414041899072250317e+02 1.019415970366254776e+01
1.417527822527364094e+02 1.853483582484116710e+01
1.418046647712367303e+02 1.668135224235692604e+01
1.423186120983346541e+02 2.409528657229358117e+01
1.428321932926357078e+02 1.760809403359904834e+01
1.430683693350497663e+02 1.668135224235692604e+01
1.431623123059805778e+02 3.706967164968170358e+00
1.435344787018475472e+02 1.019415970366254776e+01
1.440385548385749530e+02 1.112090149490466828e+01
1.442290814345033141e+02 3.521618806719809669e+01
1.444593450994454429e+02 9.267417912420503612e+00
1.450377222400393009e+02 1.760809403359904834e+01
1.453478870648031602e+02 3.706967164968170358e+00
1.454997716191711845e+02 3.706967164968170358e+00
1.455935491684320766e+02 7.413934329936340717e+00
1.457391006500153310e+02 2.224180298980933657e+01
1.458181628684252189e+02 1.390112686863087710e+01
1.466526874137471168e+02 9.267417912420425896e-01
1.466751647101720835e+02 1.760809403359904834e+01
1.469850704861322015e+02 1.668135224235692604e+01
1.474774586316591183e+02 1.482786865987299763e+01
1.475842412604853848e+02 4.633708956210291774e+00
1.477212728823209034e+02 1.668135224235692604e+01
1.480311148386111597e+02 3.428944627595612360e+01
1.480863528808799856e+02 1.297438507738875479e+01
1.482994214708768936e+02 3.706967164968170358e+00
1.483437327415172717e+02 1.482786865987291947e+01
1.485352144142431712e+02 7.413934329936419765e+00
1.487929531185373833e+02 1.297438507738875479e+01
1.489521588520546800e+02 1.668135224235692604e+01
1.492545220674890913e+02 8.340676121178463021e+00
1.495804724103060721e+02 2.316854478105130255e+01
1.498422839724043740e+02 6.487192538694377397e+00
1.499716363634925358e+02 1.482786865987299763e+01
1.499843960932373079e+02 1.204764328614679059e+01
1.499856356587716562e+02 9.267417912420583548e+00
1.502691225654028528e+02 1.853483582484116710e+01
1.504469729834934242e+02 2.131506119856721782e+01
1.506597312730325484e+02 1.668135224235692604e+01
1.518439654378272792e+02 1.112090149490466828e+01
1.518609276058577109e+02 2.687551194601963189e+01
1.520726068564190996e+02 1.482786865987283953e+01
1.522714184494070366e+02 2.038831940732509551e+01
1.531794301208228148e+02 1.019415970366254776e+01
1.533410457823129320e+02 1.760809403359904834e+01
1.534448208356126884e+02 6.487192538694377397e+00
1.540545027370360742e+02 2.594877015477750959e+01
1.543636576525562134e+02 8.340676121178463021e+00
1.546173369584514035e+02 1.482786865987283953e+01
1.551006353482940199e+02 9.267417912420583548e+00
1.553669116627759195e+02 1.575461045111496183e+01
1.556181587510480711e+02 2.131506119856737769e+01
1.556547120374601150e+02 1.760809403359904834e+01
1.557988543646554831e+02 1.760809403359904834e+01
1.558083959191128827e+02 2.316854478105130255e+01
1.559040848098982792e+02 2.409528657229342485e+01
1.560985884551416802e+02 2.038831940732509551e+01
1.567909840101067118e+02 1.482786865987291947e+01
1.569542618327895696e+02 1.760809403359904834e+01
1.570224730268377584e+02 2.316854478105145887e+01
1.570518794963476523e+02 1.204764328614671243e+01
1.571402253306039256e+02 1.297438507738875479e+01
1.580006058390239332e+02 2.316854478105130255e+01
1.580228028362275836e+02 2.131506119856721782e+01
1.584130819408717343e+02 2.131506119856721782e+01
1.587835064106207881e+02 2.038831940732525538e+01
1.589202901010240510e+02 2.131506119856737769e+01
1.589635617854512191e+02 2.038831940732525538e+01
1.592237298914845098e+02 2.038831940732525538e+01
1.594023866960007467e+02 2.687551194601963189e+01
1.595183840477011756e+02 1.575461045111496183e+01
1.598073164678863236e+02 2.409528657229342485e+01
1.600743148813124606e+02 1.668135224235692604e+01
1.602470109030113576e+02 2.316854478105130255e+01
1.605662584366781402e+02 -0.000000000000000000e+00
1.606623143454203557e+02 1.204764328614671243e+01
1.607683768893247418e+02 2.038831940732525538e+01
1.610086574871552045e+02 1.853483582484116710e+01
1.616387396977704896e+02 1.482786865987283953e+01
1.617470683277990133e+02 2.038831940732525538e+01
1.619104184712041956e+02 1.390112686863079716e+01
1.620211380677808961e+02 2.038831940732525538e+01
1.620914082164549654e+02 2.965573731974583893e+01
1.621560122925587564e+02 2.594877015477750959e+01
1.621733666251456611e+02 2.316854478105145887e+01
1.631900772081789341e+02 2.872899552850387295e+01
1.637669305757674181e+02 2.038831940732525538e+01
1.640732806250221074e+02 2.502202836353554716e+01
1.644534158345593653e+02 2.224180298980933657e+01
1.647384338658445699e+02 2.594877015477750959e+01
1.651012896174393632e+02 1.760809403359904834e+01
1.651550213911553158e+02 2.872899552850371307e+01
1.651640540736068203e+02 1.946157761608312953e+01
1.653124115657110167e+02 2.409528657229342485e+01
1.654052055132579255e+02 3.428944627595612360e+01
1.657298450316478977e+02 2.316854478105145887e+01
1.657402545330607779e+02 2.965573731974583893e+01
1.657870952831503928e+02 1.482786865987291947e+01
1.662481239200227208e+02 2.409528657229342485e+01
1.663419627512512022e+02 2.872899552850387295e+01
1.667149654713216762e+02 1.390112686863087710e+01
1.668061960168569726e+02 1.760809403359904834e+01
1.671605584294809148e+02 2.594877015477750959e+01
1.673333595695084455e+02 2.780225373726175420e+01
1.673505735893368751e+02 2.687551194601963189e+01
1.673755203393984345e+02 1.853483582484116710e+01
1.674083069294456436e+02 1.204764328614679059e+01
1.677973328849971892e+02 1.946157761608312953e+01
1.678159523104716868e+02 1.760809403359904834e+01
1.679157328106325338e+02 2.316854478105145887e+01
1.680609984584994550e+02 2.965573731974583893e+01
1.680802778608334052e+02 3.706967164968233419e+01
1.681103933054592687e+02 2.502202836353554716e+01
1.688860250074892235e+02 1.482786865987291947e+01
1.692075377029509298e+02 2.594877015477750959e+01
1.694361832899285218e+02 2.780225373726175420e+01
1.695948360258569494e+02 1.760809403359904834e+01
1.696017948967165978e+02 1.853483582484116710e+01
1.697295974823948086e+02 2.316854478105145887e+01
1.698083530518259465e+02 1.760809403359904834e+01
1.699221041580410088e+02 2.872899552850371307e+01
1.699570223626798509e+02 2.131506119856721782e+01
1.702690222468609420e+02 1.760809403359904834e+01
1.705046615334812827e+02 2.687551194601963189e+01
1.708016381408491213e+02 3.428944627595612360e+01
1.710199781958872052e+02 2.409528657229342485e+01
1.712145016051081257e+02 2.780225373726175420e+01
1.716143763964437028e+02 3.706967164968233419e+01
1.716549249280117522e+02 2.131506119856721782e+01
1.719302349248789028e+02 1.482786865987283953e+01
1.725345845449888600e+02 2.872899552850371307e+01
1.730283983423326220e+02 1.482786865987291947e+01
1.734139985841221119e+02 3.058247911098780136e+01
1.736903413944990007e+02 4.633708956210276142e+01
1.740770608132968107e+02 2.131506119856721782e+01
1.743530008239280562e+02 2.038831940732525538e+01
1.746296922289338909e+02 2.872899552850371307e+01
1.751679154246133692e+02 2.780225373726175420e+01
1.753066708700784488e+02 3.150922090222992367e+01
1.754345520569701193e+02 1.760809403359904834e+01
1.756293434621962035e+02 3.614292985844021189e+01
1.756449320122328572e+02 2.131506119856721782e+01
1.763938017859847491e+02 2.038831940732525538e+01
1.764390584110691691e+02 1.760809403359904834e+01
1.765040129797778548e+02 3.150922090222992367e+01
1.766095884706585935e+02 2.872899552850371307e+01
1.767959582375733874e+02 3.336270448471400840e+01
1.769321275341953594e+02 2.594877015477750959e+01
1.777224939906521399e+02 4.633708956210291774e+01
1.778894308721519906e+02 1.668135224235692604e+01
1.779842036981715694e+02 2.780225373726175420e+01
1.780475904235480016e+02 3.058247911098780136e+01
1.784621646857419819e+02 6.487192538694377397e+00
1.789532981224285209e+02 3.428944627595612360e+01
1.796342959198754556e+02 2.965573731974583893e+01
1.797339084922772372e+02 1.760809403359904834e+01
1.798222582002260879e+02 2.872899552850371307e+01
1.802060581047220751e+02 2.409528657229342485e+01
1.802743403087869467e+02 2.409528657229358117e+01
1.805595925687812553e+02 2.038831940732525538e+01
1.808341723812161774e+02 3.521618806719809669e+01
1.809338112852599920e+02 2.316854478105145887e+01
1.809852538514567186e+02 1.760809403359904834e+01
1.810649762206600144e+02 4.541034777086080254e+01
1.818946170207083242e+02 2.872899552850371307e+01
1.819292497457736602e+02 2.594877015477766591e+01
1.821517059189604879e+02 1.390112686863087710e+01
1.829362035647832556e+02 1.668135224235692604e+01
1.829362035647832556e+02 2.224180298980933657e+01
1.829368714956698909e+02 2.687551194601963189e+01
1.832257107988107521e+02 4.077663881465051077e+01
1.833895683199238533e+02 3.521618806719809669e+01
1.834065302751705246e+02 3.521618806719809669e+01
1.834269635361722237e+02 2.872899552850371307e+01
1.834924870390715057e+02 2.594877015477750959e+01
1.836140735376232840e+02 3.058247911098780136e+01
1.837805838426080811e+02 2.038831940732525538e+01
1.841662788133994582e+02 2.594877015477750959e+01
1.844220085276584484e+02 2.872899552850371307e+01
1.847338949139211195e+02 1.853483582484116710e+01
1.847975179473549474e+02 2.594877015477750959e+01
1.861726059953501533e+02 2.687551194601963189e+01
1.865865674068722910e+02 2.224180298980933657e+01
1.868343242931903774e+02 4.077663881465051077e+01
1.869517155783041176e+02 4.633708956210276142e+01
1.870182273942708093e+02 2.038831940732525538e+01
1.871186358729297012e+02 1.575461045111496183e+01
1.871221380466043627e+02 2.780225373726175420e+01
1.871479047301067169e+02 3.150922090222992367e+01
1.872524695009830964e+02 3.150922090222992367e+01
1.874795151670575422e+02 3.706967164968217787e+01
1.879035364280228180e+02 3.984989702340838846e+01
1.880689560353502827e+02 2.502202836353539084e+01
1.884170275016078335e+02 2.872899552850371307e+01
1.890164920937352804e+02 1.760809403359904834e+01
1.893792408401249361e+02 2.780225373726175420e+01
1.899507224204911324e+02 1.482786865987291947e+01
1.903002725464204730e+02 3.706967164968217787e+01
1.904453890796423821e+02 4.077663881465051077e+01
1.904503901377507020e+02 2.224180298980933657e+01
1.910079337254004770e+02 1.946157761608328940e+01
1.912718914764437557e+02 2.965573731974583893e+01
1.916796724256352888e+02 1.668135224235708236e+01
1.919024395725264185e+02 9.267417912421215265e-01
1.923099774894347149e+02 4.170338060589262597e+01
1.925830881325515804e+02 2.502202836353554716e+01
1.927498822635473061e+02 3.892315523216625905e+01
1.930973726054456847e+02 3.058247911098780136e+01
1.932590541336282399e+02 3.984989702340838846e+01
1.937195758202400668e+02 3.706967164968233419e+01
1.937670795831470230e+02 3.799641344092430018e+01
1.939409952492401317e+02 2.131506119856721782e+01
1.939853689547465763e+02 3.706967164968233419e+01
1.939853689547467184e+02 2.594877015477750959e+01
1.940165431399969407e+02 3.892315523216625905e+01
1.954820335710400059e+02 4.077663881465051077e+01
1.955143017017269358e+02 3.984989702340838846e+01
1.955668862802293972e+02 3.058247911098780136e+01
1.959717849300999148e+02 3.799641344092430018e+01
1.960174800164556927e+02 3.336270448471400840e+01
1.960264715105967639e+02 4.263012239713459195e+01
1.960755707994623549e+02 4.263012239713459195e+01
1.963874823938904228e+02 3.058247911098780136e+01
1.967491560728169304e+02 3.984989702340838846e+01
1.970284931220907652e+02 4.077663881465051077e+01
1.971494069490763650e+02 4.541034777086080254e+01
1.976743350832929593e+02 3.521618806719809669e+01
1.977396526334819384e+02 2.409528657229342485e+01
1.977742673791483412e+02 2.872899552850371307e+01
1.979970550458419325e+02 2.409528657229358117e+01
1.985757187463433127e+02 3.892315523216642248e+01
1.985784728913700405e+02 4.633708956210291774e+00
1.986033938089210267e+02 3.706967164968233419e+01
1.986124905173626587e+02 3.058247911098780136e+01
1.986366214034992197e+02 3.150922090222992367e+01
1.989499055624771415e+02 4.355686418837671425e+01
1.995331983864501524e+02 3.706967164968233419e+01
2.001778004862074738e+02 3.428944627595612360e+01
2.003953268239713452e+02 2.038831940732525538e+01
2.004846248434204199e+02 2.780225373726175420e+01
2.009871265541290768e+02 3.336270448471416472e+01
2.016789865625926268e+02 2.687551194601963189e+01
2.023844736871022860e+02 3.150922090222992367e+01
2.024226020582306376e+02 3.428944627595612360e+01
2.027822418161130429e+02 2.965573731974583893e+01
2.030490452435411157e+02 3.428944627595612360e+01
2.037917121042410145e+02 2.038831940732525538e+01
2.040513829022603431e+02 3.428944627595612360e+01
2.040681810663970452e+02 2.594877015477750959e+01
2.042303527460363171e+02 3.984989702340838846e+01
2.042822280005021014e+02 3.336270448471416472e+01
2.047351247625252313e+02 2.965573731974583893e+01
2.053562724594122528e+02 2.594877015477750959e+01
2.053688481869225768e+02 3.614292985844021189e+01
2.060089054757537497e+02 3.150922090222992367e+01
2.061083276639884616e+02 4.077663881465051077e+01
2.062431167311420381e+02 3.428944627595612360e+01
2.063352954540292217e+02 3.243596269347204952e+01
2.063674111137776208e+02 3.521618806719809669e+01
2.067113200565742659e+02 3.428944627595612360e+01
2.071049729450242296e+02 2.316854478105145887e+01
2.071740620162354105e+02 2.872899552850371307e+01
2.083587381772353808e+02 4.170338060589246965e+01
2.085583769858874064e+02 4.263012239713459195e+01
2.091240117780416199e+02 3.706967164968233419e+01
2.092710285518707565e+02 3.706967164968233419e+01
2.092710285518707565e+02 3.706967164968233419e+01
2.098389645271963104e+02 1.575461045111496183e+01
2.100682153805749977e+02 3.521618806719809669e+01
2.103531854104733156e+02 2.965573731974567906e+01
2.106674078661961005e+02 3.706967164968217787e+01
2.108450422106964197e+02 2.502202836353554716e+01
2.117273870192183267e+02 2.965573731974567906e+01
2.121446436217452458e+02 3.984989702340838846e+01
2.123775663894291199e+02 4.448360597961867313e+01
2.130257042683515465e+02 3.614292985844021189e+01
2.131480525913723909e+02 3.984989702340838846e+01
2.131560181343196803e+02 2.965573731974567906e+01
2.133394108057502763e+02 2.409528657229342485e+01
2.135049413444878894e+02 2.502202836353554716e+01
2.136450576189525918e+02 2.872899552850371307e+01
2.138323028335427409e+02 3.984989702340838846e+01
2.141341059629262418e+02 3.799641344092430018e+01
2.142689901663075318e+02 2.316854478105145887e+01
2.143578358524329985e+02 3.243596269347204952e+01
2.146833069331295292e+02 3.892315523216642248e+01
2.147680908642211648e+02 3.614292985844021189e+01
2.149718694325841284e+02 2.502202836353554716e+01
2.149718694325841284e+02 2.502202836353554716e+01
2.151099606831928952e+02 2.687551194601963189e+01
2.152238794545930318e+02 3.521618806719809669e+01
2.152272054138389024e+02 3.428944627595612360e+01
2.155197214173014686e+02 3.336270448471400840e+01
2.155241780444396795e+02 3.706967164968217787e+01
2.159827390632539732e+02 3.984989702340838846e+01
2.160742940344326826e+02 4.541034777086080254e+01
2.163868427616370695e+02 3.799641344092430018e+01
2.166944658371819799e+02 2.409528657229342485e+01
2.167061149810112965e+02 3.706967164968233419e+01
2.167653298915119819e+02 3.243596269347188610e+01
2.169753672429984022e+02 3.614292985844021189e+01
2.178684258728117129e+02 3.706967164968233419e+01
2.179204409743578879e+02 3.706967164968217787e+01
2.181304281718329037e+02 3.706967164968233419e+01
2.184699044538330099e+02 3.614292985844021189e+01
2.186022387132975950e+02 3.799641344092430018e+01
2.187183247606186285e+02 2.872899552850371307e+01
2.188042203849787768e+02 3.428944627595612360e+01
2.188075292020337770e+02 3.614292985844021189e+01
2.188321071373570135e+02 4.355686418837655793e+01
2.189308188309500167e+02 3.428944627595596728e+01
2.207408823701410370e+02 3.799641344092430018e+01
2.207524272626010884e+02 3.058247911098780136e+01
2.208103609150439297e+02 3.243596269347204952e+01
2.208149511594282899e+02 3.428944627595612360e+01
2.209170502076993330e+02 3.614292985844021189e+01
2.218216943716870162e+02 2.224180298980933657e+01
2.219113388038695973e+02 4.448360597961867313e+01
2.219629279267215054e+02 4.170338060589246965e+01
2.221219602307401715e+02 3.799641344092430018e+01
2.221866589303611477e+02 3.521618806719809669e+01
2.226434501154294026e+02 4.911731493582897201e+01
2.227180219803455827e+02 4.170338060589262597e+01
2.228094092722900257e+02 3.892315523216625905e+01
2.229565425846961944e+02 4.541034777086080254e+01
2.231544082653711598e+02 3.428944627595612360e+01
2.232593773957980261e+02 1.390112686863087710e+01
2.235977050089400677e+02 3.984989702340838846e+01
2.236383634095176092e+02 3.706967164968233419e+01
2.237566485686930946e+02 3.058247911098780136e+01
2.241099174351979286e+02 4.170338060589246965e+01
2.241426244023632535e+02 4.170338060589262597e+01
2.245882442868215492e+02 4.077663881465051077e+01
2.247377923967544291e+02 4.355686418837655793e+01
2.249319978083189255e+02 3.521618806719809669e+01
2.249509620743097571e+02 3.984989702340838846e+01
2.250200027299101748e+02 4.633708956210276142e+01
2.251431023500309152e+02 1.482786865987291947e+01
2.254416955290702447e+02 2.316854478105145887e+01
2.254425382043613411e+02 3.336270448471400840e+01
2.256931247520729187e+02 3.336270448471400840e+01
2.257324181236729146e+02 2.038831940732525538e+01
2.257904915548988356e+02 3.799641344092430018e+01
2.259992749019827443e+02 4.819057314458700603e+01
2.267805531043103997e+02 3.243596269347204952e+01
2.270423746553417459e+02 2.965573731974567906e+01
2.273306918993933152e+02 3.614292985844021189e+01
2.274750744885624840e+02 2.316854478105145887e+01
2.276585683589227358e+02 3.984989702340838846e+01
2.276910658460637080e+02 3.799641344092430018e+01
2.280205570438575648e+02 2.965573731974567906e+01
2.289910411294896733e+02 3.706967164968233419e+01
2.291602137654728608e+02 4.633708956210276142e+01
2.292826272994529972e+02 3.150922090222992367e+01
2.296087411828940503e+02 3.150922090222992367e+01
2.296980392370714128e+02 4.170338060589246965e+01
2.305001554328553368e+02 4.633708956210291774e+01
2.310415903866475276e+02 3.614292985844021189e+01
2.311349521591126575e+02 3.428944627595612360e+01
2.316530296727121936e+02 3.150922090222992367e+01
2.317944557362041564e+02 4.541034777086080254e+01
2.323869748425582600e+02 2.872899552850371307e+01
2.327521029427595352e+02 4.633708956210276142e+01
2.329938679997208624e+02 2.316854478105130255e+01
2.330020160991633418e+02 2.872899552850387295e+01
2.332431745338122084e+02 3.336270448471400840e+01
2.333211251466408385e+02 4.633708956210291774e+01
2.334517464335883972e+02 4.263012239713459195e+01
2.336222645376962816e+02 4.911731493582897201e+01
2.346412537468010555e+02 3.243596269347204952e+01
2.349430251745742737e+02 3.336270448471400840e+01
2.354121616590385599e+02 3.336270448471400840e+01
2.359482010554440023e+02 3.428944627595596728e+01
2.361655162720799979e+02 5.004405672707109431e+01
2.363644300731296823e+02 2.872899552850387295e+01
2.370298096215957742e+02 3.150922090222992367e+01
2.371202827096852843e+02 2.780225373726175420e+01
2.378455539577311981e+02 3.984989702340838846e+01
2.379743474855175123e+02 4.355686418837655793e+01
2.380474408028585458e+02 3.336270448471400840e+01
2.386586152166907198e+02 2.594877015477750959e+01
2.389344762269731746e+02 4.541034777086080254e+01
2.390324926943227126e+02 2.224180298980933657e+01
2.391068127574810376e+02 3.614292985844021189e+01
2.392784097997414676e+02 3.058247911098780136e+01
2.394361905120775305e+02 3.706967164968233419e+01
2.403172580738660145e+02 3.428944627595612360e+01
2.404615842581947334e+02 2.687551194601963189e+01
2.404657993812625421e+02 2.872899552850371307e+01
2.407189353851298108e+02 2.038831940732525538e+01
2.413121762171145974e+02 3.243596269347204952e+01
2.415914456904694987e+02 3.614292985844021189e+01
2.416415270391046306e+02 3.428944627595596728e+01
2.417282489607551099e+02 4.541034777086080254e+01
2.418762282449633005e+02 4.170338060589262597e+01
2.421204087446428161e+02 3.428944627595596728e+01
2.424068100992680854e+02 4.077663881465051077e+01
2.426070227538878044e+02 3.799641344092430018e+01
2.430528778856644010e+02 4.355686418837655793e+01
2.433414132653568345e+02 4.263012239713459195e+01
2.444896389073743137e+02 4.541034777086080254e+01
2.446706488131336243e+02 3.243596269347204952e+01
2.447600200246334907e+02 3.150922090222992367e+01
2.450687288694147696e+02 3.799641344092430018e+01
2.452196408233470777e+02 3.428944627595612360e+01
2.455206720855914000e+02 5.097079851831305319e+01
2.459114211278650828e+02 3.984989702340838846e+01
2.459392317851346945e+02 3.614292985844021189e+01
2.462161675548689175e+02 3.058247911098780136e+01
2.462266306292519289e+02 6.209170001321772503e+01
2.462761939334525607e+02 4.541034777086080254e+01
2.462781261460979181e+02 3.428944627595612360e+01
2.472498399800002744e+02 3.984989702340838846e+01
2.472549581483650911e+02 4.633708956210276142e+01
2.472647881304044404e+02 3.428944627595596728e+01
2.473461467284240030e+02 4.077663881465051077e+01
2.483613674329575360e+02 4.448360597961867313e+01
2.484427502383497313e+02 2.594877015477750959e+01
2.486786554104936613e+02 5.560450747452335207e+01
2.488018673351270991e+02 3.706967164968249406e+00
2.495405385092356596e+02 3.799641344092430018e+01
2.501294202173714041e+02 3.428944627595612360e+01
2.506511343514190457e+02 3.428944627595596728e+01
2.512944119583564202e+02 3.984989702340838846e+01
2.513420481466161789e+02 4.633708956210276142e+01
2.514834426383450534e+02 5.004405672707109431e+01
2.519056250392357015e+02 4.355686418837655793e+01
2.519268752712990249e+02 4.263012239713459195e+01
2.519472086382513396e+02 4.077663881465051077e+01
2.522884813466108938e+02 2.594877015477750959e+01
2.524172814643670506e+02 3.984989702340838846e+01
2.525328131564666023e+02 3.150922090222992367e+01
2.525793312247517974e+02 4.633708956210291774e+00
2.531047166729217679e+02 3.984989702340838846e+01
2.534429040907658361e+02 3.428944627595612360e+01
2.536619140793856104e+02 4.263012239713459195e+01
2.537616706770371877e+02 2.594877015477750959e+01
2.542026923829807572e+02 4.077663881465051077e+01
2.543923978095906477e+02 3.243596269347188610e+01
2.544101440853597182e+02 4.263012239713459195e+01
2.546866935811743815e+02 2.316854478105145887e+01
2.553175431441014496e+02 3.428944627595596728e+01
2.554125937033914511e+02 3.150922090222992367e+01
2.555893358674569527e+02 3.428944627595612360e+01
2.557487201814377329e+02 3.521618806719809669e+01
2.559050484519685824e+02 4.819057314458684971e+01
2.559943215426384597e+02 2.965573731974567906e+01
2.560795238471139328e+02 4.077663881465051077e+01
2.560961255569063724e+02 2.780225373726175420e+01
2.564338135448426215e+02 3.984989702340838846e+01
2.566584907369466464e+02 2.687551194601963189e+01
2.566658457319834383e+02 2.965573731974567906e+01
2.571812155897221146e+02 2.872899552850371307e+01
2.583700538353490401e+02 3.428944627595596728e+01
2.583771701489594648e+02 2.780225373726175420e+01
2.585010589138233854e+02 4.819057314458684971e+01
2.596701423182790336e+02 3.521618806719809669e+01
2.597650750770691843e+02 3.984989702340838846e+01
2.598400338410784798e+02 2.965573731974583893e+01
2.598834321142561521e+02 1.297438507738875479e+01
2.599847074604580257e+02 3.428944627595612360e+01
2.600001800321875862e+02 2.594877015477750959e+01
2.601618135945706172e+02 5.375102389203926379e+01
2.604386742146709821e+02 4.726383135334488372e+01
2.610204469029015399e+02 3.150922090222992367e+01
2.610720979444228078e+02 3.892315523216642248e+01
2.615845963728786501e+02 3.706967164968233419e+01
2.616267919065391538e+02 3.150922090222992367e+01
2.621367523658652772e+02 4.541034777086080254e+01
2.621787347971119857e+02 2.316854478105145887e+01
2.624772800666682429e+02 3.892315523216642248e+01
2.630344020120365371e+02 3.984989702340838846e+01
2.638716086961724159e+02 3.428944627595596728e+01
2.642481759314253509e+02 3.706967164968233419e+01
2.642547728403556562e+02 3.706967164968217787e+01
2.644353429009919410e+02 3.984989702340838846e+01
2.645173112361916310e+02 4.263012239713459195e+01
2.645503666797226288e+02 3.150922090222992367e+01
2.645724340365560465e+02 4.726383135334488372e+01
2.645838100649169178e+02 2.872899552850371307e+01
2.650843437389152655e+02 2.316854478105145887e+01
2.651035463212008949e+02 4.170338060589262597e+01
2.654076840417383210e+02 3.336270448471400840e+01
2.660608166613863546e+02 4.263012239713459195e+01
2.661993552588957073e+02 1.297438507738875479e+01
2.662256477421048544e+02 5.282428210079714148e+01
2.664991204134978489e+02 3.799641344092430018e+01
2.666191073650466024e+02 3.706967164968233419e+01
2.667292367175504069e+02 3.521618806719809669e+01
2.668332671440310264e+02 4.263012239713459195e+01
2.670218320170122865e+02 1.760809403359904834e+01
2.678109159132306445e+02 3.336270448471400840e+01
2.684643532361703819e+02 3.428944627595612360e+01
2.684717558670699304e+02 2.872899552850371307e+01
2.685598549390089147e+02 3.706967164968233419e+01
2.687447185047207086e+02 2.224180298980933657e+01
2.691433030812606262e+02 5.097079851831305319e+01
2.691580319693600245e+02 3.428944627595612360e+01
2.692567176056464859e+02 3.521618806719809669e+01
2.693272613622710878e+02 3.984989702340838846e+01
2.694171454832732593e+02 1.482786865987291947e+01
2.694188125448350206e+02 4.911731493582897201e+01
2.699170774785179674e+02 2.224180298980933657e+01
2.702426917927800218e+02 3.336270448471400840e+01
2.706475001845152519e+02 4.633708956210291774e+01
2.709415453854924181e+02 4.911731493582897201e+01
2.712514093537166673e+02 3.150922090222992367e+01
2.724840993934797098e+02 3.614292985844021189e+01
2.728746212851467021e+02 1.482786865987291947e+01
2.731594151109248969e+02 3.150922090222992367e+01
2.732013834405043440e+02 3.521618806719809669e+01
2.735210440321681631e+02 4.263012239713459195e+01
2.737511800229926280e+02 2.594877015477750959e+01
2.737549778532936671e+02 1.760809403359904834e+01
2.744053072435049216e+02 1.760809403359904834e+01
2.744721848143628335e+02 3.984989702340838846e+01
2.746727187646282005e+02 3.521618806719809669e+01
2.754370343368344152e+02 2.965573731974583893e+01
2.754383204869430983e+02 2.872899552850371307e+01
2.757079191010291765e+02 3.150922090222992367e+01
2.758945371064534129e+02 3.428944627595596728e+01
2.763197819291576138e+02 3.058247911098780136e+01
2.765081823104034129e+02 3.428944627595596728e+01
2.770700749919070063e+02 2.594877015477750959e+01
2.771806723055087218e+02 3.336270448471400840e+01
2.777017409564034551e+02 2.409528657229342485e+01
2.777704859734227512e+02 3.428944627595596728e+01
2.779470923757098717e+02 4.263012239713459195e+01
2.788457238904468340e+02 3.336270448471400840e+01
2.791780502175591892e+02 3.614292985844021189e+01
2.793364420259346161e+02 2.594877015477750959e+01
2.795979615916211287e+02 5.838473284824955556e+01
2.798685331428587801e+02 3.336270448471400840e+01
2.800806844734513561e+02 3.150922090222992367e+01
2.801040828624517189e+02 1.760809403359904834e+01
2.802402435773635716e+02 2.780225373726175420e+01
2.805166792158246949e+02 2.965573731974567906e+01
2.816286046854705205e+02 3.428944627595596728e+01
2.821034340530254667e+02 2.872899552850371307e+01
2.825188338792630702e+02 2.594877015477750959e+01
2.825249073749697004e+02 4.263012239713459195e+01
2.827402860973086831e+02 5.838473284824955556e+01
2.829339260739087081e+02 2.872899552850371307e+01
2.831699534414618142e+02 2.038831940732525538e+01
2.838939779925851212e+02 2.872899552850371307e+01
2.839033588349872161e+02 3.336270448471400840e+01
2.842418228103305751e+02 1.575461045111496183e+01
2.844046016280841513e+02 4.077663881465051077e+01
2.844350828576779691e+02 3.150922090222992367e+01
2.844545969170129638e+02 3.706967164968217787e+01
2.860373908775661675e+02 2.780225373726175420e+01
2.863903382600289547e+02 5.097079851831305319e+01
2.864066069191721340e+02 3.799641344092430018e+01
2.874700925120383204e+02 3.984989702340838846e+01
2.875637037211980100e+02 4.819057314458684971e+01
2.879220041705177096e+02 3.150922090222992367e+01
2.879859366721062202e+02 2.687551194601963189e+01
2.883077304932349421e+02 3.614292985844021189e+01
2.883803832292181824e+02 1.760809403359904834e+01
2.885685259012254846e+02 4.263012239713459195e+01
2.888594000684398679e+02 3.428944627595612360e+01
2.889675637811735669e+02 3.706967164968233419e+01
2.890170928576051210e+02 3.706967164968233419e+01
2.898488060055331061e+02 5.004405672707109431e+01
2.911999099870441796e+02 1.019415970366262769e+01
2.912731805856242886e+02 2.502202836353554716e+01
2.917284249672240435e+02 1.853483582484085179e+00
2.917980765830137102e+02 1.760809403359904834e+01
2.927462172312985444e+02 3.336270448471400840e+01
2.931331492911131136e+02 1.204764328614671243e+01
2.936797925038578683e+02 2.780225373726175420e+01
2.942661560890641113e+02 1.019415970366262769e+01
2.945391006154168849e+02 1.019415970366262769e+01
2.945595141859830619e+02 4.911731493582897201e+01
2.946487298700425299e+02 2.594877015477750959e+01
2.947621834870981274e+02 2.316854478105145887e+01
2.958917259626128953e+02 4.633708956210276142e+01
2.964398002670667438e+02 1.853483582484116710e+01
2.968447729276612677e+02 1.019415970366262769e+01
2.974814123295175818e+02 1.668135224235692604e+01
2.983678870711510740e+02 2.687551194601963189e+01
2.983869737220254024e+02 4.541034777086080254e+01
2.984471099713838385e+02 2.224180298980933657e+01
2.986474856243180511e+02 1.760809403359904834e+01
2.988803586477293379e+02 3.150922090222992367e+01
2.993425708529780991e+02 3.428944627595612360e+01
2.995568697815276096e+02 2.502202836353554716e+01
2.996964647016002345e+02 3.521618806719809669e+01
3.017322381827487447e+02 4.263012239713459195e+01
3.028028975483865111e+02 5.189754030955517550e+01
3.028248992471739598e+02 4.077663881465051077e+01
3.028502170000845695e+02 3.706967164968217787e+01
3.030566910302817405e+02 3.336270448471400840e+01
3.031918163762530867e+02 3.799641344092430018e+01
3.033106273049521064e+02 4.263012239713459195e+01
3.035440539233644017e+02 4.911731493582897201e+01
3.036726092641363266e+02 2.872899552850371307e+01
3.040926746441504633e+02 5.375102389203926379e+01
3.041433093833423413e+02 3.243596269347204952e+01
3.053249685999340954e+02 5.467776568328137898e+01
3.061105470623591600e+02 3.243596269347204952e+01
3.061105470623592737e+02 4.355686418837655793e+01
3.062040249283248841e+02 3.428944627595612360e+01
3.066969983654347516e+02 4.077663881465051077e+01
3.069064028097277514e+02 4.170338060589262597e+01
3.075539709970527156e+02 1.297438507738883295e+01
3.077461719564849432e+02 3.614292985844021189e+01
3.077736230221190681e+02 4.077663881465051077e+01
3.079066736056099103e+02 3.706967164968233419e+01
3.079495907421990069e+02 4.819057314458684971e+01
3.089760916986057282e+02 1.297438507738883295e+01
3.095709063586929233e+02 3.706967164968217787e+01
3.096363939183339085e+02 4.819057314458684971e+01
3.104351514533657337e+02 1.297438507738883295e+01
3.105520224926955848e+02 4.263012239713459195e+01
3.113433564773815192e+02 4.819057314458684971e+01
3.113447568740111819e+02 4.633708956210276142e+01
3.116102971048558743e+02 2.594877015477750959e+01
3.120044191810229108e+02 2.038831940732525538e+01
3.121211234812097359e+02 3.984989702340838846e+01
3.122241629819282593e+02 4.541034777086080254e+01
3.157099321187783971e+02 2.316854478105145887e+01
3.157304787747056025e+02 5.097079851831305319e+01
3.161671124907732064e+02 4.077663881465051077e+01
3.182663053311075032e+02 5.004405672707109431e+01
3.183293850573526242e+02 3.706967164968233419e+01
3.189617012405695959e+02 2.316854478105145887e+01
3.200158399079120386e+02 3.243596269347204952e+01
3.204200384298021049e+02 3.706967164968233419e+01
3.207220720790581368e+02 4.726383135334488372e+01
3.208099784465882749e+02 5.097079851831305319e+01
3.240422761355618491e+02 2.131506119856721782e+01
3.346780804072607225e+02 2.038831940732525538e+01
