# data from file /Users/tpaneque/Documents/MAPS/as209/AS_209_13CO_220GHz.robust_0.5.clean.JvMcorr.image.fits
# parameters used:
# PA: 85.8
# inc: 35.0
# dist: 121.0 
# vsys: 4.6
# r[au] h[au]
1.549568763857068632e+01 1.268580361005720825e+01
1.549568763857068632e+01 1.268580361005720825e+01
1.637813858458439498e+01 1.127626987560635463e+01
1.828886739027342045e+01 1.268580361005720825e+01
1.828886739027342045e+01 1.268580361005720825e+01
2.156696403154276709e+01 5.638134937803177316e+00
2.160082265694068582e+01 1.268580361005720825e+01
2.430623619478935282e+01 1.409533734450854281e+00
2.532439249346661825e+01 8.457202406704885433e+00
2.615926081984767393e+01 4.228601203352442717e+00
2.617555067202488317e+01 9.866736141155618256e+00
2.781074835743806872e+01 8.457202406704885433e+00
2.858797512978731348e+01 1.409533734450854281e+00
2.966445495440508751e+01 1.409533734450854281e+00
3.002350302306632912e+01 1.409533734450854281e+00
3.055414059175011587e+01 -0.000000000000000000e+00
3.071314258178547263e+01 8.457202406704885433e+00
3.099137527714133356e+01 5.638134937803177316e+00
3.141865250244947916e+01 1.409533734450854281e+00
3.144963165454427312e+01 1.409533734450854281e+00
3.264457652257152631e+01 -0.000000000000000000e+00
3.362030256581500254e+01 5.638134937803177316e+00
3.433167966321741460e+01 5.638134937803177316e+00
3.456497739227898336e+01 1.409533734450854281e+00
3.518642438638828907e+01 4.228601203352442717e+00
3.522102304443941989e+01 5.638134937803177316e+00
3.589222019898861760e+01 4.228601203352442717e+00
3.593120653822312960e+01 1.409533734450854281e+00
3.625508175110833520e+01 5.638134937803177316e+00
3.672224981596461646e+01 5.638134937803177316e+00
3.677525177242385013e+01 4.228601203352322813e+00
3.691570857161297425e+01 1.409533734450854281e+00
3.753716750024270254e+01 4.228601203352322813e+00
3.794851951260519485e+01 1.409533734450854281e+00
3.798859982212350417e+01 2.819067468901708562e+00
3.833160968569137594e+01 5.638134937803177316e+00
3.871249850308718976e+01 1.409533734450854281e+00
3.944780815970888455e+01 5.638134937803177316e+00
3.946013778938807093e+01 1.409533734450854281e+00
3.946013778938807093e+01 1.409533734450854281e+00
3.949101129475241123e+01 4.228601203352442717e+00
3.979049073265931469e+01 5.638134937803177316e+00
3.997366368043579854e+01 -0.000000000000000000e+00
4.063826779507643749e+01 1.409533734450854281e+00
4.095019216261714234e+01 5.638134937803177316e+00
4.157430553976618626e+01 2.819067468901588658e+00
4.171612253615715105e+01 1.409533734450854281e+00
4.176134590050167361e+01 1.409533734450854281e+00
4.223247184835315693e+01 1.409533734450854281e+00
4.244386928255971014e+01 5.638134937803177316e+00
4.313392806308542049e+01 2.819067468901588658e+00
4.419774973310608601e+01 1.409533734450854281e+00
4.428718636897968253e+01 5.638134937803177316e+00
4.439565657119825914e+01 7.047668672254030930e+00
4.486628453653306536e+01 4.228601203352322813e+00
4.528633564515336474e+01 2.819067468901708562e+00
4.528633564515336474e+01 2.819067468901708562e+00
4.565721240675538439e+01 5.638134937803177316e+00
4.567319948446203171e+01 5.638134937803177316e+00
4.585942859898468527e+01 7.047668672254030930e+00
4.648706291571195237e+01 1.409533734450854281e+00
4.659039567238667701e+01 1.832393854786038645e+01
4.696136405925251012e+01 5.638134937803177316e+00
4.767542967267011988e+01 7.047668672254030930e+00
4.828450706196846909e+01 5.638134937803177316e+00
4.904514842313035672e+01 5.638134937803177316e+00
4.913565291408591662e+01 1.550487107895879646e+01
4.983325758295024599e+01 8.457202406704766418e+00
5.041264686825645924e+01 4.228601203352322813e+00
5.064878498693339282e+01 5.638134937803177316e+00
5.152471970168648596e+01 2.819067468901708562e+00
5.221020017776807975e+01 7.047668672254030930e+00
5.257393514802684109e+01 5.638134937803177316e+00
5.259707754627846299e+01 2.819067468901588658e+00
5.305808766015324807e+01 -0.000000000000000000e+00
5.382700981096589743e+01 9.866736141155618256e+00
5.482218008401797249e+01 1.832393854786038645e+01
5.485438913781810299e+01 7.047668672254030930e+00
5.486660217082020807e+01 1.409533734450854281e+00
5.493866517731740373e+01 1.550487107895879646e+01
5.493866517731740373e+01 1.550487107895879646e+01
5.544057795526438781e+01 5.638134937803177316e+00
5.556346016493697704e+01 -0.000000000000000000e+00
5.556346016493697704e+01 2.819067468901588658e+00
5.612275044730203177e+01 5.638134937803177316e+00
5.621705492163137308e+01 5.638134937803177316e+00
5.712800891450015683e+01 1.268580361005720825e+01
5.717595025957462695e+01 2.819067468901708562e+00
5.767637564369607617e+01 1.268580361005720825e+01
5.804253704717858398e+01 1.409533734450854281e+00
5.870170507406564298e+01 -0.000000000000000000e+00
5.870170507406564298e+01 2.819067468901588658e+00
5.917171223956333392e+01 9.866736141155618256e+00
5.982350695770552562e+01 -0.000000000000000000e+00
6.014325551189982377e+01 4.228601203352322813e+00
6.035846686937200900e+01 5.638134937803177316e+00
6.122672119072667840e+01 -0.000000000000000000e+00
6.163112835675659795e+01 1.268580361005720825e+01
6.198571436803299406e+01 -0.000000000000000000e+00
6.261893532943875584e+01 1.409533734450854281e+00
6.266264007175248452e+01 3.241927589236832574e+01
6.308872217763216383e+01 5.638134937803177316e+00
6.316583335829324142e+01 4.228601203352395288e+01
6.355405889824240973e+01 9.866736141155618256e+00
6.362681059992004151e+01 1.409533734450806186e+01
6.373675847943059125e+01 9.866736141155618256e+00
6.400363945753663586e+01 3.241927589236832574e+01
6.482028845890670254e+01 2.819067468901708562e+00
6.599406187617157116e+01 1.409533734450854281e+00
6.599406187617161379e+01 1.409533734450854281e+00
6.610004966873636079e+01 5.638134937803177316e+00
6.651230238268487938e+01 5.638134937803177316e+00
6.672344821081061639e+01 5.638134937803177316e+00
6.689838341210213457e+01 1.550487107895879646e+01
6.724060513162990560e+01 8.457202406704885433e+00
6.810066408940984672e+01 2.678114095456527011e+01
6.866335932643482920e+01 5.638134937803177316e+00
6.875906223408998130e+01 5.638134937803177316e+00
6.922408481577025441e+01 2.537160722011441649e+01
6.932691197287822149e+01 1.409533734450806186e+01
6.946382112981554258e+01 2.819067468901708562e+00
7.030015019575319002e+01 1.409533734450806186e+01
7.030618788288781218e+01 2.537160722011441649e+01
7.061120397006116889e+01 2.678114095456527011e+01
7.158314917928832699e+01 5.638134937803177316e+00
7.209585003446042606e+01 1.127626987560635463e+01
7.232098162613290526e+01 7.047668672254030930e+00
7.242190501988922335e+01 1.127626987560635463e+01
7.246228207591374826e+01 2.819067468901708562e+00
7.246228207591379089e+01 8.457202406704885433e+00
7.381411294797644018e+01 1.832393854786038645e+01
7.428766473165450179e+01 2.819067468901708562e+00
7.428766473165458706e+01 1.127626987560635463e+01
7.518702424728988376e+01 1.409533734450806186e+01
7.526227158736965350e+01 1.550487107895879646e+01
7.597719964424703676e+01 1.409533734450806186e+01
7.709404478600804111e+01 5.638134937803177316e+00
7.747843819285328948e+01 1.409533734450854281e+00
7.847778245954309284e+01 1.832393854786038645e+01
7.885474157464645373e+01 8.457202406704885433e+00
7.894808475880157062e+01 1.409533734450854281e+00
7.898202258950482246e+01 1.409533734450806186e+01
7.902130434835939354e+01 1.409533734450806186e+01
7.911367509440029266e+01 2.255253975121283005e+01
7.993822509563520384e+01 2.819067468901588658e+00
8.038780507530829311e+01 5.638134937803177316e+00
8.056560360738797044e+01 5.638134937803177316e+00
8.088307976346409589e+01 2.255253975121283005e+01
8.111986064382706729e+01 1.409533734450854281e+00
8.158682470716328794e+01 4.228601203352322813e+00
8.161144130642878736e+01 8.457202406704766418e+00
8.277214331287559901e+01 1.409533734450806186e+01
8.352269180100340407e+01 -0.000000000000000000e+00
8.524559688249173917e+01 5.638134937803177316e+00
8.546453308736613508e+01 1.832393854786038645e+01
8.563533719547136513e+01 5.638134937803177316e+00
8.576392538936198662e+01 1.409533734450854281e+00
8.621352094040116754e+01 5.638134937803177316e+00
8.645609169851341846e+01 7.047668672254030930e+00
8.673733215196995161e+01 -0.000000000000000000e+00
8.696163971576891072e+01 4.228601203352322813e+00
8.768741549903477051e+01 -0.000000000000000000e+00
8.819419158364409839e+01 7.047668672254030930e+00
8.827906594331535928e+01 7.047668672254030930e+00
9.004685483684399117e+01 -0.000000000000000000e+00
9.016235223540331845e+01 5.638134937803177316e+00
9.130641150801695005e+01 1.409533734450854281e+00
9.134639896892406341e+01 8.457202406704766418e+00
9.194431917749024308e+01 7.047668672254030930e+00
9.272495120399278790e+01 9.866736141155618256e+00
9.283981972838451213e+01 9.866736141155618256e+00
9.344117870181696617e+01 -0.000000000000000000e+00
9.351993217146858228e+01 4.228601203352442717e+00
9.425595750734848366e+01 1.409533734450854281e+00
9.468386299847577448e+01 9.866736141155618256e+00
9.566644504846472330e+01 7.047668672254030930e+00
9.580441044454423150e+01 9.866736141155618256e+00
9.654819269820323768e+01 7.047668672254030930e+00
9.669436273320678765e+01 1.409533734450854281e+00
9.772155542723226063e+01 1.409533734450854281e+00
9.800335200874775410e+01 -0.000000000000000000e+00
9.814733205473051214e+01 1.409533734450854281e+00
9.868862720941008604e+01 8.457202406704885433e+00
9.869661462233310090e+01 8.457202406704885433e+00
9.879218088955576604e+01 8.457202406704885433e+00
9.943905732367133510e+01 4.228601203352442717e+00
9.966651516590049198e+01 5.638134937803177316e+00
9.976906735907589052e+01 4.228601203352442717e+00
1.006772140807031661e+02 2.819067468901708562e+00
1.018077758456213644e+02 1.409533734450854281e+00
1.021450623739170283e+02 1.409533734450854281e+00
1.022642191051756839e+02 2.819067468901588658e+00
1.023754804065427777e+02 5.638134937803177316e+00
1.024426352069965986e+02 2.819067468901708562e+00
1.024498212681014593e+02 4.228601203352442717e+00
1.036003347376092449e+02 -0.000000000000000000e+00
1.039054767217719615e+02 -0.000000000000000000e+00
1.043591496480618446e+02 2.819067468901708562e+00
1.044291407726103813e+02 1.409533734450854281e+00
1.045643289660781079e+02 1.832393854786038645e+01
1.052242352620168901e+02 1.409533734450854281e+00
1.061591721194458984e+02 4.228601203352442717e+00
1.061591721194458984e+02 4.228601203352442717e+00
1.076766605969658599e+02 1.832393854786038645e+01
1.089469804951677077e+02 4.228601203352442717e+00
1.095638497914454916e+02 8.457202406704885433e+00
1.104058225258427512e+02 5.638134937803177316e+00
1.114070955695022320e+02 2.819067468901708562e+00
1.114415258344865407e+02 1.409533734450806186e+01
1.115332396407247018e+02 -0.000000000000000000e+00
1.117687897858418182e+02 4.228601203352442717e+00
1.127449616884651959e+02 5.638134937803177316e+00
1.128702219997946798e+02 1.409533734450806186e+01
1.128728617924714825e+02 1.409533734450854281e+00
1.136228072715628201e+02 1.409533734450854281e+00
1.139657994663705836e+02 5.638134937803296332e+00
1.151557117926587637e+02 8.457202406704885433e+00
1.154096971103292049e+02 5.638134937803177316e+00
1.159317992224827236e+02 1.691440481340953284e+01
1.166265936795573737e+02 1.409533734450806186e+01
1.167419310649673321e+02 1.550487107895879646e+01
1.179311743440855054e+02 1.127626987560635463e+01
1.182687905329119644e+02 1.691440481340953284e+01
1.184730338842572479e+02 9.866736141155618256e+00
1.186578198176204353e+02 2.255253975121270926e+01
1.187029499916866229e+02 2.396207348566356288e+01
1.187399251251178782e+02 8.457202406704885433e+00
1.198194334103440752e+02 1.127626987560647542e+01
1.200103429542545399e+02 1.550487107895879646e+01
1.207169337387439327e+02 1.127626987560635463e+01
1.209200508404616698e+02 9.866736141155618256e+00
1.214184951071062244e+02 1.268580361005720825e+01
1.219827425913256747e+02 1.268580361005720825e+01
1.221069736706547104e+02 1.832393854786038645e+01
1.221070030650777056e+02 9.866736141155618256e+00
1.239394971548943687e+02 7.047668672254030930e+00
1.240809308518353191e+02 9.866736141155618256e+00
1.242559230373140906e+02 1.409533734450806186e+01
1.243773251634590196e+02 2.114300601676197644e+01
1.247839445578636912e+02 9.866736141155618256e+00
1.249180591724113754e+02 1.832393854786038645e+01
1.249725968549665112e+02 1.832393854786038645e+01
1.250763864471196314e+02 1.127626987560635463e+01
1.253195418573986473e+02 1.268580361005720825e+01
1.256527919558503328e+02 2.114300601676197644e+01
1.256746100097980303e+02 1.409533734450806186e+01
1.267757207524089864e+02 1.268580361005720825e+01
1.272550613162291313e+02 9.866736141155618256e+00
1.275379410791867087e+02 1.832393854786038645e+01
1.275976062339665447e+02 1.691440481340965007e+01
1.276411038848598594e+02 1.409533734450854281e+00
1.276600993828474770e+02 1.409533734450806186e+01
1.276716112922762250e+02 1.409533734450806186e+01
1.278874693247007173e+02 8.457202406704766418e+00
1.280220717319138259e+02 1.550487107895879646e+01
1.285994549175394752e+02 1.691440481340965007e+01
1.290380859338161486e+02 2.255253975121270926e+01
1.291607647107666423e+02 1.409533734450806186e+01
1.292850886813605484e+02 2.114300601676197644e+01
1.298095703297623231e+02 9.866736141155618256e+00
1.298657835026089344e+02 1.691440481340965007e+01
1.299595009464421480e+02 3.523834336126991928e+01
1.303057188892585998e+02 1.550487107895879646e+01
1.303782177528870534e+02 1.691440481340953284e+01
1.308219510167607496e+02 1.832393854786038645e+01
1.313012893634675322e+02 7.047668672254030930e+00
1.313870579658349129e+02 1.691440481340965007e+01
1.313871262614415798e+02 1.409533734450806186e+01
1.320264406457373241e+02 8.457202406704766418e+00
1.323027277614986872e+02 9.866736141155618256e+00
1.323911080083484251e+02 2.819067468901708562e+00
1.323911080083484819e+02 1.127626987560647542e+01
1.326597929352035408e+02 7.047668672254030930e+00
1.332235392817453601e+02 1.409533734450806186e+01
1.336511588473726420e+02 1.409533734450806186e+01
1.348586415825305949e+02 5.074321444022883298e+01
1.349994214523678977e+02 2.678114095456514931e+01
1.351797188146132385e+02 1.409533734450806186e+01
1.352774503891849918e+02 1.550487107895879646e+01
1.353475750744099741e+02 5.074321444022883298e+01
1.356998490379801865e+02 2.819067468901708562e+00
1.357536165626809463e+02 1.550487107895879646e+01
1.358953630966479977e+02 9.866736141155618256e+00
1.361312318995569512e+02 1.127626987560635463e+01
1.362103122633400858e+02 1.832393854786038645e+01
1.366636577779992763e+02 2.537160722011441649e+01
1.366922313848697002e+02 5.638134937803177316e+00
1.369657912751314939e+02 4.228601203352442717e+00
1.382686517353985778e+02 4.228601203352442717e+00
1.383808951383764736e+02 3.100974215791759292e+01
1.384513316359954160e+02 1.409533734450854281e+00
1.384535517433853613e+02 4.228601203352322813e+00
1.387499911570279778e+02 1.832393854786038645e+01
1.390655799359759612e+02 1.409533734450806186e+01
1.395642096051502961e+02 8.457202406704885433e+00
1.396426357242228278e+02 1.550487107895879646e+01
1.397711870171599742e+02 1.832393854786038645e+01
1.397991885924790836e+02 1.409533734450806186e+01
1.403034186050340395e+02 5.638134937803177316e+00
1.403970483568416228e+02 2.255253975121283005e+01
1.405183909069479000e+02 1.268580361005720825e+01
1.405183909069479000e+02 1.550487107895879646e+01
1.405656106094882603e+02 1.409533734450806186e+01
1.406003003915064369e+02 1.691440481340953284e+01
1.407456975455532131e+02 1.973347228231123651e+01
1.422019255282316692e+02 1.832393854786038645e+01
1.422854954296621486e+02 1.550487107895879646e+01
1.422854954296622054e+02 4.228601203352322813e+00
1.424329913269110364e+02 9.866736141155618256e+00
1.426511925195499089e+02 1.550487107895879646e+01
1.428389256679477057e+02 8.457202406704885433e+00
1.429411388955663540e+02 1.691440481340965007e+01
1.433256725691599343e+02 1.691440481340953284e+01
1.433277723068663647e+02 2.114300601676197644e+01
1.435739365777940577e+02 1.409533734450806186e+01
1.437350732751737610e+02 1.550487107895891725e+01
1.437773160452855734e+02 3.100974215791759292e+01
1.439551282780673205e+02 5.638134937803177316e+00
1.440882417357675820e+02 1.409533734450854281e+00
1.442491527529189455e+02 9.866736141155618256e+00
1.443942011324005534e+02 1.691440481340953284e+01
1.447155632309374766e+02 9.866736141155618256e+00
1.447491964713057371e+02 2.114300601676197644e+01
1.448438100397784183e+02 2.255253975121270926e+01
1.451725845861124355e+02 1.550487107895879646e+01
1.452636292714060176e+02 1.832393854786038645e+01
1.461293909473142207e+02 1.691440481340953284e+01
1.462444036988814275e+02 1.691440481340953284e+01
1.463355367120171877e+02 -0.000000000000000000e+00
1.464656015943418765e+02 9.866736141155618256e+00
1.468889992638584658e+02 1.409533734450806186e+01
1.471189227047587451e+02 1.409533734450806186e+01
1.472710155454587095e+02 2.255253975121270926e+01
1.474198363626758237e+02 9.866736141155618256e+00
1.474301669580821681e+02 5.638134937803177316e+00
1.474661416452698290e+02 1.832393854786038645e+01
1.479408983926808787e+02 1.127626987560647542e+01
1.483222747720255086e+02 9.866736141155618256e+00
1.483784742707309476e+02 1.973347228231123651e+01
1.495128846895421759e+02 1.268580361005720825e+01
1.497569044841853838e+02 1.409533734450806186e+01
1.499978340961630181e+02 8.457202406704885433e+00
1.502573300934332110e+02 1.691440481340965007e+01
1.502764366983815023e+02 1.832393854786038645e+01
1.502816305165562483e+02 9.866736141155618256e+00
1.503432909249112299e+02 1.127626987560635463e+01
1.514065355264239372e+02 4.228601203352442717e+00
1.516930183663791070e+02 1.832393854786038645e+01
1.519543992884941872e+02 2.819067468901588658e+00
1.519588006545590417e+02 1.409533734450806186e+01
1.523397068458908734e+02 9.866736141155618256e+00
1.523865185419253976e+02 9.866736141155618256e+00
1.532959452972141037e+02 4.228601203352442717e+00
1.536834785445337843e+02 4.228601203352322813e+00
1.545741591050595218e+02 5.638134937803177316e+00
1.555665909440259895e+02 2.255253975121283005e+01
1.556730629733135345e+02 1.409533734450854281e+00
1.558981334767319140e+02 5.638134937803177316e+00
1.561479698837367494e+02 1.409533734450806186e+01
1.565061307816948499e+02 1.268580361005720825e+01
1.570933339121836525e+02 -0.000000000000000000e+00
1.578634441563934274e+02 2.114300601676209723e+01
1.578868395825963091e+02 1.268580361005720825e+01
1.578868395825963091e+02 2.114300601676209723e+01
1.578961695176031412e+02 5.638134937803177316e+00
1.580580735706198254e+02 1.409533734450854281e+00
1.582412254589125382e+02 5.638134937803177316e+00
1.587344926371302449e+02 1.409533734450854281e+00
1.588418745287283116e+02 5.638134937803177316e+00
1.599784582762644334e+02 8.457202406704885433e+00
1.600419922689862915e+02 -0.000000000000000000e+00
1.603661740384864061e+02 1.832393854786038645e+01
1.603813906168471419e+02 1.409533734450806186e+01
1.607756101506165578e+02 8.457202406704885433e+00
1.610873586596514713e+02 9.866736141155618256e+00
1.611761437525692315e+02 -0.000000000000000000e+00
1.613516466032837968e+02 1.832393854786038645e+01
1.618757229893480769e+02 4.228601203352442717e+00
1.618847352694655228e+02 7.047668672254030930e+00
1.620520563223438160e+02 2.114300601676209723e+01
1.621461972342659976e+02 1.691440481340965007e+01
1.623354631012217340e+02 3.241927589236832574e+01
1.626231379075805989e+02 2.819067468901708562e+00
1.627249992908063803e+02 1.409533734450806186e+01
1.628894829804547442e+02 9.866736141155618256e+00
1.630407794270120974e+02 7.047668672254030930e+00
1.632228826128575179e+02 3.100974215791759292e+01
1.635370795867962102e+02 2.819067468901708562e+00
1.649249120226548371e+02 1.268580361005720825e+01
1.652347933861398701e+02 1.550487107895879646e+01
1.652882036522322551e+02 7.047668672254030930e+00
1.655763067460766536e+02 1.409533734450806186e+01
1.655763067460766536e+02 3.100974215791759292e+01
1.658526027514515135e+02 7.047668672254030930e+00
1.661112532208916832e+02 1.832393854786038645e+01
1.662486614974453119e+02 2.114300601676209723e+01
1.664626228762044207e+02 1.268580361005720825e+01
1.664626228762044207e+02 2.114300601676197644e+01
1.665416570106114023e+02 8.457202406704885433e+00
1.671328579936228209e+02 1.691440481340953284e+01
1.671983532526984675e+02 1.268580361005720825e+01
1.676199123096235155e+02 1.691440481340965007e+01
1.680985709575819271e+02 2.114300601676197644e+01
1.684608550039380930e+02 1.691440481340953284e+01
1.695181602989036094e+02 8.457202406704885433e+00
1.696991118651342560e+02 1.409533734450806186e+01
1.697191395973236467e+02 1.550487107895879646e+01
1.702009482044258846e+02 9.866736141155618256e+00
1.703583174827882658e+02 1.409533734450806186e+01
1.704525219097460820e+02 9.866736141155618256e+00
1.704526693105595427e+02 2.114300601676209723e+01
1.708522051705283786e+02 1.409533734450854281e+00
1.709630141209465819e+02 1.832393854786038645e+01
1.713186119867830826e+02 1.268580361005720825e+01
1.716414414691879529e+02 5.638134937803177316e+00
1.723125380004730118e+02 9.866736141155618256e+00
1.723125935470424679e+02 2.114300601676197644e+01
1.727146257756565433e+02 9.866736141155618256e+00
1.731145456654937220e+02 9.866736141155618256e+00
1.731145456654937220e+02 9.866736141155618256e+00
1.731146311910179350e+02 3.100974215791759292e+01
1.735724797646787181e+02 4.228601203352442717e+00
1.740913035529458170e+02 2.255253975121270926e+01
1.746216808847140385e+02 1.409533734450854281e+00
1.746652091668078981e+02 7.047668672254030930e+00
1.749754839346685458e+02 2.114300601676197644e+01
1.751091068888660800e+02 1.691440481340965007e+01
1.756422858417821828e+02 1.973347228231123651e+01
1.761562046016429974e+02 1.409533734450806186e+01
1.767993904849553815e+02 1.409533734450854281e+00
1.768020590074605423e+02 2.537160722011441649e+01
1.769438619825657781e+02 2.255253975121270926e+01
1.769765302534712816e+02 -0.000000000000000000e+00
1.771006520501123305e+02 1.409533734450854281e+00
1.773687222309120841e+02 3.100974215791759292e+01
1.774757511453330210e+02 1.268580361005720825e+01
1.779126139173012291e+02 1.268580361005720825e+01
1.781177011829418007e+02 1.409533734450854281e+00
1.781205178781939082e+02 4.228601203352395288e+01
1.781860405250276926e+02 -0.000000000000000000e+00
1.787104334303721771e+02 1.409533734450854281e+00
1.788943858056972545e+02 3.664787709572077290e+01
1.790613074781195735e+02 1.409533734450854281e+00
1.793755386270852625e+02 1.409533734450854281e+00
1.797129201408044992e+02 1.127626987560647542e+01
1.798158925989059753e+02 7.047668672254030930e+00
1.804108987993754738e+02 9.866736141155618256e+00
1.810711437620218476e+02 1.409533734450854281e+00
1.811049674884241085e+02 1.409533734450854281e+00
1.816125248322178436e+02 1.409533734450806186e+01
1.818762870011278210e+02 7.047668672254030930e+00
1.827045422647989881e+02 3.664787709572077290e+01
1.829736040163845416e+02 3.382880962681918646e+01
1.845346455230010463e+02 -0.000000000000000000e+00
1.845851480473102129e+02 8.457202406704885433e+00
1.849778563389382668e+02 1.409533734450854281e+00
1.859300187348479483e+02 7.047668672254030930e+00
1.865315094044668172e+02 1.268580361005720825e+01
1.870907109165789279e+02 2.819067468901708562e+00
1.873764615702847607e+02 2.819067468901708562e+00
1.874886164950630700e+02 1.409533734450854281e+00
1.875859495314361993e+02 1.409533734450806186e+01
1.877417717971299282e+02 3.100974215791759292e+01
1.880640926502166508e+02 4.228601203352442717e+00
1.884085941636474502e+02 5.638134937803177316e+00
1.884521525051844435e+02 8.457202406704885433e+00
1.892262360367833196e+02 4.228601203352442717e+00
1.900349403264402213e+02 1.409533734450806186e+01
1.907180946897159686e+02 1.409533734450806186e+01
1.910472781475937154e+02 2.819067468901588658e+00
1.913837415695339814e+02 8.457202406704885433e+00
1.925508118968798783e+02 1.409533734450806186e+01
1.930864197744676005e+02 1.973347228231123651e+01
1.944359367572200483e+02 4.087647829907309216e+01
1.950936407358720430e+02 9.866736141155618256e+00
1.951309773291577301e+02 1.409533734450806186e+01
1.951859295794365039e+02 1.127626987560647542e+01
1.973449299599145093e+02 2.255253975121283005e+01
1.991986458398852164e+02 9.866736141155618256e+00
1.992573784958659644e+02 9.866736141155618256e+00
2.002253414281701680e+02 1.409533734450806186e+01
2.008992693025197980e+02 2.255253975121283005e+01
2.016007594614345351e+02 2.255253975121283005e+01
2.022619570371824977e+02 5.638134937803177316e+00
2.034286696818390681e+02 9.866736141155618256e+00
2.079863106726127455e+02 9.866736141155618256e+00
2.086529358003206198e+02 1.127626987560647542e+01
2.107546750993749640e+02 7.047668672254030930e+00
2.118265196696716544e+02 3.100974215791759292e+01
2.142627386403603964e+02 7.047668672254030930e+00
2.172344538675514514e+02 5.638134937803177316e+00
2.208105276217126800e+02 5.638134937803177316e+00
2.249621404903606106e+02 7.047668672254030930e+00
