# data from file /Users/tpaneque/Documents/MAPS/imlup/IM_Lup_CO_220GHz.robust_0.5.JvMcorr.image.fits
# parameters used:
# PA: 144.5
# inc: 47.5
# dist: 158.0 
# vsys: 4.5
# r[au] h[au]
2.778673927657053255e+01 4.293195112701146066e+00
3.028881127048828859e+01 8.586390225402292131e+00
3.206554335151329127e+01 -0.000000000000000000e+00
3.335465477947939661e+01 5.724260150268154490e+00
3.350523274393793827e+01 1.431065037567008202e+00
3.350523274393793827e+01 1.431065037567008202e+00
3.350523274393793827e+01 1.431065037567008202e+00
3.435813570375815829e+01 7.155325187835162914e+00
3.497599144708793517e+01 5.724260150268154490e+00
3.497599144708793517e+01 5.724260150268154490e+00
3.616580544022892241e+01 1.001745526296917888e+01
3.644444354588530643e+01 1.287958533810319572e+01
3.797103536238549992e+01 1.431065037567129883e+00
3.835814124044411244e+01 8.586390225402292131e+00
3.835814124044421902e+01 2.862130075134138085e+00
3.889527523727559100e+01 4.293195112701146066e+00
3.889527523727559100e+01 7.155325187835162914e+00
3.904333602699796302e+01 -0.000000000000000000e+00
3.940287437154871952e+01 1.001745526296917888e+01
4.028148391169137454e+01 5.724260150268154490e+00
4.082239467131796573e+01 5.724260150268154490e+00
4.082239467131796573e+01 5.724260150268154490e+00
4.089129570517958001e+01 2.862130075134016405e+00
4.105728510983473711e+01 1.431065037567129883e+00
4.208735432838827251e+01 7.155325187835162914e+00
4.308994122602894805e+01 8.586390225402169563e+00
4.337166015623255078e+01 5.724260150268154490e+00
4.357555953130074755e+01 1.001745526296917888e+01
4.450991589806680793e+01 1.431065037567129883e+00
4.538613078535559708e+01 1.287958533810319572e+01
4.538613078535559708e+01 1.287958533810319572e+01
4.586617861898756132e+01 7.155325187835162914e+00
4.599180354631147338e+01 8.586390225402169563e+00
4.704744256017854553e+01 5.724260150268154490e+00
4.724446211961164011e+01 1.860384548837134844e+01
4.737663810444558976e+01 7.155325187835162914e+00
4.737663810444558976e+01 7.155325187835162914e+00
4.737663810444558976e+01 7.155325187835162914e+00
4.825034077060696092e+01 1.001745526296917888e+01
4.840274974854155232e+01 1.431065037567008202e+00
4.841373667347745169e+01 2.003491052593847854e+01
4.947329522265611956e+01 2.862130075134016405e+00
4.947329522265611956e+01 2.862130075134016405e+00
4.991598817032637925e+01 2.862130075134016405e+00
5.003047867709727115e+01 7.155325187835162914e+00
5.009915444416314045e+01 7.155325187835162914e+00
5.009915444416314045e+01 1.287958533810319572e+01
5.140109379279561352e+01 5.724260150268032810e+00
5.140109379279561352e+01 5.724260150268032810e+00
5.278232765058783116e+01 1.001745526296917888e+01
5.278232765058794485e+01 1.431065037567008202e+00
5.457302862669130405e+01 1.431065037567129883e+00
5.457302862669130405e+01 1.001745526296917888e+01
5.466067043779715817e+01 1.431065037567032583e+01
5.567546775233638812e+01 1.431065037567032583e+01
5.574480293769101991e+01 5.724260150268032810e+00
5.584205457322977395e+01 1.001745526296917888e+01
5.614141124808761418e+01 1.574171541323745416e+01
5.622240387887691782e+01 1.431065037566886300e+00
5.669560161483305194e+01 1.001745526296917888e+01
5.778413731995680536e+01 8.586390225402169563e+00
5.810280130849513824e+01 8.586390225402169563e+00
5.810280130849515245e+01 8.586390225402169563e+00
5.848737013443176380e+01 1.001745526296917888e+01
5.848737013443180643e+01 1.001745526296917888e+01
5.848737013443180643e+01 1.001745526296917888e+01
5.904847586638456391e+01 1.144852030053630898e+01
5.910431155732310771e+01 1.431065037566886300e+00
5.965619306047383930e+01 1.001745526296929967e+01
6.060803317771541998e+01 1.144852030053630898e+01
6.100578334382087320e+01 7.155325187835162914e+00
6.100578334382087320e+01 1.287958533810319572e+01
6.125212325499416011e+01 1.001745526296917888e+01
6.138669362093431658e+01 1.001745526296917888e+01
6.235252769069465728e+01 1.144852030053618641e+01
6.313103149258235192e+01 1.431065037567032583e+01
6.444695965480428868e+01 1.144852030053630898e+01
6.528576703909241985e+01 1.144852030053630898e+01
6.528576703909241985e+01 1.144852030053630898e+01
6.538838209220205044e+01 7.155325187835162914e+00
6.570565180935139438e+01 1.431065037567032583e+01
6.667201233243750380e+01 1.001745526296929967e+01
6.719844201190315403e+01 1.717278045080433913e+01
6.803688573296476250e+01 1.287958533810319572e+01
6.811769364282294248e+01 1.001745526296917888e+01
6.832605881209519794e+01 1.144852030053630898e+01
6.861009779901628747e+01 1.144852030053630898e+01
6.926261331171848212e+01 1.431065037567032583e+01
7.098718219949257957e+01 1.431065037567032583e+01
7.098718219949257957e+01 1.431065037567032583e+01
7.101026023385904296e+01 1.431065037567032583e+01
7.139866904006484560e+01 1.860384548837122765e+01
7.141845612172650704e+01 1.144852030053630898e+01
7.199272693462243922e+01 1.287958533810319572e+01
7.223075173636979684e+01 1.144852030053618641e+01
7.233161088045774534e+01 1.287958533810331652e+01
7.286057901129056802e+01 4.293195112701146066e+00
7.288888709177049918e+01 1.860384548837134844e+01
7.304203186795166403e+01 1.717278045080433913e+01
7.315220101959502585e+01 1.431065037567032583e+01
7.315220101959508270e+01 1.431065037567032583e+01
7.378355386140316341e+01 1.860384548837134844e+01
7.411686005407079847e+01 1.574171541323721080e+01
7.411686005407079847e+01 2.432810563863950293e+01
7.429170182261862010e+01 1.431065037567032583e+01
7.440088728350160352e+01 1.431065037567032583e+01
7.496320517183588095e+01 1.860384548837122765e+01
7.504571801564618738e+01 1.001745526296917888e+01
7.513421862388955219e+01 1.860384548837134844e+01
7.557736999683748991e+01 1.574171541323733337e+01
7.622824693570875354e+01 1.574171541323745416e+01
7.663731999771627557e+01 1.860384548837122765e+01
7.687326436583033740e+01 1.431065037567032583e+01
7.732166551210865180e+01 2.289704060107249362e+01
7.732423561484159791e+01 1.431065037567032583e+01
7.769677797034330524e+01 1.717278045080433913e+01
7.769677797034330524e+01 1.717278045080433913e+01
7.793068632408849794e+01 1.431065037567032583e+01
7.815378955884922618e+01 1.860384548837134844e+01
7.817887640252193648e+01 1.001745526296917888e+01
7.866655691242682735e+01 1.144852030053618641e+01
7.872901778903003844e+01 1.717278045080433913e+01
7.944180828953959406e+01 1.431065037567032583e+01
7.987861525688651909e+01 2.146597556350548430e+01
8.029277760194840141e+01 1.717278045080433913e+01
8.056296782338274909e+01 7.155325187835162914e+00
8.069942080625708059e+01 1.574171541323745416e+01
8.143718843447697964e+01 2.146597556350548430e+01
8.173547761525281885e+01 1.431065037567032583e+01
8.253664751316517822e+01 1.717278045080433913e+01
8.290468979971700492e+01 1.144852030053630898e+01
8.290468979971706176e+01 2.575917067620639145e+01
8.302810768823856336e+01 2.146597556350548430e+01
8.323128986610284130e+01 2.146597556350548430e+01
8.348933289701328420e+01 2.146597556350536706e+01
8.476998626492253663e+01 2.432810563863950293e+01
8.502917169573653666e+01 2.146597556350548430e+01
8.520488863117159895e+01 1.860384548837134844e+01
8.536922978570788700e+01 1.574171541323745416e+01
8.540295384945230239e+01 1.860384548837134844e+01
8.617988245205789610e+01 1.860384548837146923e+01
8.667690208364376758e+01 1.860384548837134844e+01
8.734624766950912544e+01 1.860384548837146923e+01
8.892158940621470720e+01 1.860384548837146923e+01
8.905193140078073100e+01 1.431065037567032583e+01
8.926854547830411946e+01 1.144852030053630898e+01
8.941652763211966715e+01 2.719023571377352155e+01
9.029498818502631252e+01 2.146597556350548430e+01
9.029498818502631252e+01 2.146597556350548430e+01
9.066157869247768986e+01 2.575917067620639145e+01
9.086643381146483023e+01 1.431065037567032583e+01
9.149222059608862878e+01 2.432810563863950293e+01
9.153701203857936264e+01 2.289704060107249362e+01
9.167664575064273436e+01 2.146597556350548430e+01
9.173235723797490948e+01 1.860384548837134844e+01
9.304182754944488920e+01 2.003491052593835775e+01
9.401971880576255103e+01 1.860384548837146923e+01
9.406153676683558729e+01 1.431065037567032583e+01
9.464957626598989293e+01 2.146597556350548430e+01
9.475304878213263748e+01 2.862130075134065166e+01
9.546099608897802113e+01 1.860384548837146923e+01
9.565703179364662390e+01 2.146597556350548430e+01
9.565703179364673758e+01 2.432810563863950293e+01
9.602183758660676460e+01 2.432810563863950293e+01
9.619663005454002302e+01 2.289704060107249362e+01
9.702279799123407145e+01 3.148343082647466673e+01
9.771880902873576247e+01 1.717278045080433913e+01
9.771880902873597563e+01 2.575917067620639145e+01
9.790983192070005714e+01 2.146597556350548430e+01
9.790983192070022767e+01 2.432810563863950293e+01
9.831797956192572485e+01 2.003491052593835775e+01
9.869885980997145225e+01 2.003491052593847854e+01
9.880755222342911281e+01 1.860384548837146923e+01
1.006871711243065590e+02 1.574171541323733337e+01
1.007145379058042778e+02 2.146597556350548430e+01
1.012757281555076219e+02 3.148343082647466673e+01
1.016094213827348085e+02 1.717278045080433913e+01
1.016094213827350785e+02 2.862130075134065166e+01
1.016905996845316764e+02 2.289704060107237282e+01
1.016944045154610734e+02 1.431065037567032583e+01
1.020049262869004991e+02 2.862130075134065166e+01
1.026843817974154263e+02 2.289704060107261796e+01
1.031503179153912413e+02 1.860384548837146923e+01
1.037304931860556962e+02 1.860384548837146923e+01
1.039473736012749896e+02 2.719023571377352155e+01
1.044672929904618996e+02 2.432810563863950293e+01
1.045813428751216776e+02 1.860384548837122765e+01
1.055485716900819142e+02 2.432810563863950293e+01
1.055646553011761739e+02 2.719023571377352155e+01
1.057355094823838897e+02 3.148343082647466673e+01
1.057595400179784235e+02 2.719023571377352155e+01
1.057595400179784235e+02 2.719023571377352155e+01
1.061978739934341291e+02 1.860384548837134844e+01
1.063935671967859946e+02 2.289704060107261796e+01
1.064803310684013127e+02 2.289704060107237282e+01
1.071515142155576683e+02 3.148343082647466673e+01
1.079260403908653956e+02 2.003491052593835775e+01
1.083467360655455138e+02 2.719023571377352155e+01
1.083873369435849412e+02 2.862130075134065166e+01
1.086264754226299374e+02 2.146597556350548430e+01
1.087701983312741731e+02 2.719023571377352155e+01
1.099866638720829286e+02 2.003491052593835775e+01
1.103130001620948804e+02 3.148343082647466673e+01
1.104591023537506089e+02 2.719023571377352155e+01
1.113227565724613157e+02 3.148343082647466673e+01
1.113509355046729326e+02 2.432810563863950293e+01
1.123155429276227153e+02 1.860384548837146923e+01
1.125534474681836059e+02 2.289704060107237282e+01
1.126755716844411666e+02 3.434556090160867825e+01
1.127993254754262864e+02 2.289704060107261796e+01
1.132199436412357443e+02 2.003491052593835775e+01
1.141954381059753842e+02 3.148343082647466673e+01
1.144210769781221728e+02 3.148343082647466673e+01
1.147325530738718129e+02 3.148343082647442159e+01
1.149707833407602919e+02 2.289704060107249362e+01
1.150421605195402321e+02 2.719023571377352155e+01
1.152414827994680167e+02 2.432810563863950293e+01
1.153784101597599374e+02 2.003491052593835775e+01
1.160602070744672005e+02 3.291449586404179684e+01
1.161437737072345726e+02 3.434556090160867825e+01
1.167005111663468995e+02 3.434556090160867825e+01
1.167240333303270035e+02 2.289704060107249362e+01
1.172869919927556026e+02 1.860384548837134844e+01
1.173059089769010797e+02 3.005236578890754018e+01
1.175073343494175475e+02 3.148343082647466673e+01
1.180676519221165961e+02 2.575917067620663303e+01
1.183119703324875474e+02 3.148343082647466673e+01
1.187626914480141096e+02 2.289704060107249362e+01
1.190171832062480490e+02 2.862130075134065166e+01
1.191403024434909383e+02 3.577662593917580836e+01
1.201908239054933887e+02 3.005236578890777821e+01
1.208915649776122905e+02 3.863875601430982698e+01
1.208970311741495323e+02 3.720769097674269688e+01
1.208970311741497312e+02 3.434556090160867825e+01
1.215451817214283921e+02 3.148343082647466673e+01
1.215451817214284347e+02 4.006982105187695709e+01
1.218841620228912745e+02 3.720769097674269688e+01
1.222391266802405454e+02 3.005236578890754018e+01
1.223555795581442425e+02 2.719023571377352155e+01
1.237331350726944663e+02 2.862130075134065166e+01
1.237755031694810839e+02 5.724260150268130332e+01
1.239392877881068671e+02 2.575917067620639145e+01
1.240327500815199215e+02 1.431065037567032583e+01
1.241820467658593117e+02 3.577662593917580836e+01
1.242695336408646654e+02 3.005236578890777821e+01
1.247050553813893146e+02 3.577662593917580836e+01
1.249458973133576620e+02 2.289704060107237282e+01
1.249903918851380666e+02 3.148343082647466673e+01
1.258309472565075282e+02 3.863875601430982698e+01
1.267476711700847289e+02 3.148343082647466673e+01
1.291912955442642215e+02 2.575917067620639145e+01
1.294737983297805783e+02 2.289704060107249362e+01
1.294748338997430608e+02 5.867366654024818473e+01
1.308661227375877729e+02 4.150088608944384561e+01
1.311095797784892341e+02 3.434556090160867825e+01
1.314061108014788601e+02 3.291449586404154815e+01
1.314113036187025330e+02 5.008727631484589438e+01
1.318506157302758481e+02 3.720769097674269688e+01
1.320278187659896219e+02 3.148343082647466673e+01
1.343521067807551503e+02 4.579408120214498723e+01
1.348584619144409089e+02 3.720769097674293846e+01
1.349559865282452904e+02 3.434556090160867825e+01
1.350343042073436095e+02 4.436301616457785713e+01
1.352745878623293265e+02 5.008727631484613596e+01
1.359864510215429334e+02 4.722514623971211734e+01
1.366529025623524944e+02 3.291449586404154815e+01
1.366529025623524944e+02 4.722514623971187575e+01
1.370519390731248848e+02 4.436301616457785713e+01
1.374221044507695524e+02 5.294940638998015459e+01
1.375309753742257044e+02 3.434556090160867825e+01
1.381200606471024912e+02 3.577662593917580836e+01
1.393875719580967427e+02 4.436301616457785713e+01
1.396192092417355468e+02 5.294940638997991300e+01
1.406780744356248931e+02 4.006982105187671550e+01
1.407395423003720794e+02 5.294940638998015459e+01
1.410295782086438408e+02 4.865621127727900586e+01
1.413694187578597337e+02 3.720769097674269688e+01
1.416974095971688996e+02 5.294940638998015459e+01
1.421883364934813869e+02 4.293195112701073413e+01
1.422517988510446969e+02 5.438047142754704311e+01
1.435412130315056061e+02 4.865621127727900586e+01
1.437451555448907072e+02 5.008727631484613596e+01
1.448451118582934782e+02 5.294940638998015459e+01
1.451411570838806995e+02 4.865621127727900586e+01
1.460141382063627020e+02 3.148343082647466673e+01
1.461734733088250948e+02 6.726005676565023350e+01
1.464466946983156674e+02 5.581153646511417321e+01
1.474171878928171395e+02 5.294940638998015459e+01
1.478197300170677693e+02 6.153579661538220336e+01
1.479166243818161490e+02 3.720769097674269688e+01
1.479306092589003470e+02 6.439792669051621488e+01
1.481728198271338215e+02 5.008727631484613596e+01
1.486279422674518571e+02 3.720769097674269688e+01
1.488017745670034913e+02 6.439792669051621488e+01
1.492803144570019640e+02 5.724260150268130332e+01
1.494881419815343122e+02 5.151834135241302448e+01
1.504689743993714046e+02 5.867366654024818473e+01
1.512639185548300418e+02 7.298431691591851234e+01
1.528270660211383358e+02 5.008727631484613596e+01
1.533978273892458049e+02 4.293195112701096861e+01
1.537465287316606748e+02 5.867366654024818473e+01
1.540444720391005546e+02 4.579408120214474565e+01
1.546484712296829116e+02 6.439792669051621488e+01
1.555811009491020798e+02 5.008727631484613596e+01
1.557477570495765917e+02 5.294940638997991300e+01
1.558206943046954791e+02 5.151834135241326607e+01
1.561791217896760315e+02 5.724260150268105463e+01
1.564944744763017752e+02 7.584644699105253096e+01
1.566599908389948155e+02 5.867366654024818473e+01
1.568736922005429051e+02 7.012218684078449371e+01
1.572412668256270081e+02 7.441538195348539375e+01
1.573331138248539389e+02 6.153579661538220336e+01
1.579952072657954432e+02 5.438047142754704311e+01
1.581243999929185691e+02 5.724260150268130332e+01
1.593610085136161558e+02 7.870857706618653538e+01
1.597572305137732371e+02 7.870857706618653538e+01
1.603755578098736123e+02 5.151834135241326607e+01
1.606349262815610643e+02 5.724260150268130332e+01
1.610306821921599294e+02 6.010473157781531484e+01
1.611259356467654698e+02 7.012218684078449371e+01
1.617740026296656310e+02 6.153579661538220336e+01
1.625793608956718401e+02 5.008727631484589438e+01
1.627282570312672760e+02 6.582899172808335209e+01
1.633703626716630879e+02 6.582899172808335209e+01
1.634163938490085002e+02 6.153579661538220336e+01
1.640531839871115949e+02 7.155325187835138934e+01
1.670264032570092922e+02 5.724260150268130332e+01
1.681262408289634891e+02 5.151834135241302448e+01
1.692604794339263208e+02 7.155325187835138934e+01
1.694096241198956534e+02 6.582899172808335209e+01
1.694110487288532738e+02 7.870857706618679117e+01
1.695399725298445901e+02 7.012218684078449371e+01
1.709265160301383162e+02 8.300177217888769121e+01
1.710267820917156598e+02 6.582899172808335209e+01
1.721954569665616930e+02 6.010473157781531484e+01
1.735653997706027667e+02 7.584644699105253096e+01
1.741295524058152751e+02 6.582899172808335209e+01
1.745240115521695827e+02 6.869112180321735650e+01
1.750174660137471960e+02 8.157070714132055400e+01
1.756493606804361036e+02 6.439792669051647067e+01
1.756984126412550324e+02 6.010473157781531484e+01
1.757018058308339903e+02 6.296686165294933346e+01
1.759352829950225612e+02 6.869112180321735650e+01
1.765545521642950177e+02 6.439792669051647067e+01
1.771166133987646560e+02 7.012218684078449371e+01
1.784110255554278979e+02 6.582899172808335209e+01
1.790981771831277456e+02 7.012218684078449371e+01
1.794988091921727005e+02 8.013964210375367259e+01
1.799818173365560483e+02 6.869112180321735650e+01
1.800068892919288714e+02 6.296686165294933346e+01
1.807915889839215708e+02 7.584644699105253096e+01
1.813373474664183220e+02 6.582899172808335209e+01
1.819713003656648880e+02 8.586390225402170984e+01
1.827168416360313472e+02 6.582899172808335209e+01
1.839672141852462346e+02 6.726005676565023350e+01
1.841400101258981294e+02 7.155325187835138934e+01
1.846978055053061496e+02 9.301922744185687009e+01
1.852005561354424685e+02 6.869112180321735650e+01
1.862148819620931306e+02 8.300177217888769121e+01
1.871677773352373038e+02 9.015709736672285146e+01
1.872500806403403715e+02 6.726005676565023350e+01
1.872500806403403715e+02 7.298431691591851234e+01
1.877999545145615627e+02 6.582899172808335209e+01
1.889808326153012104e+02 8.157070714132055400e+01
1.893930944777472689e+02 6.582899172808335209e+01
1.906161325177584445e+02 7.441538195348539375e+01
1.913156363154072039e+02 6.582899172808335209e+01
1.916359393970265330e+02 7.155325187835161671e+01
1.919858169567234825e+02 7.584644699105253096e+01
1.919858169567234825e+02 8.157070714132055400e+01
1.921331714484457223e+02 9.015709736672285146e+01
1.927558361662154880e+02 9.301922744185687009e+01
1.927619399986109556e+02 6.726005676565023350e+01
1.927622753768377208e+02 8.872603232915571425e+01
1.936984402452802954e+02 8.872603232915571425e+01
1.946020518804530752e+02 6.869112180321735650e+01
1.951230910597128911e+02 8.586390225402170984e+01
1.951338277113280242e+02 8.157070714132055400e+01
1.954462205495820228e+02 9.588135751699088871e+01
1.955293814443376164e+02 9.158816240428997446e+01
1.958196638414002848e+02 8.729496729158883284e+01
1.959127832820095705e+02 9.158816240428997446e+01
1.960182177615850776e+02 7.298431691591851234e+01
1.962063326820955922e+02 9.731242255455801171e+01
1.967252235075748956e+02 9.445029247942399309e+01
1.967252235075749240e+02 8.586390225402170984e+01
1.967368836662417948e+02 1.001745526296920303e+02
1.967384649452284009e+02 6.153579661538220336e+01
1.989471366279600488e+02 9.445029247942399309e+01
1.999878601504082098e+02 9.588135751699088871e+01
2.001434971328370409e+02 8.729496729158883284e+01
2.003966177766522492e+02 7.298431691591851234e+01
2.005529029914311820e+02 9.158816240428997446e+01
2.007244014159255130e+02 7.870857706618653538e+01
2.014074195584567235e+02 7.155325187835161671e+01
2.029750643604873801e+02 9.874348759212514892e+01
2.030945285596434076e+02 1.001745526296920303e+02
2.039271724564378303e+02 9.301922744185687009e+01
2.053687635948308525e+02 9.301922744185687009e+01
2.056921500839922885e+02 8.872603232915571425e+01
2.066297134395241244e+02 8.300177217888769121e+01
2.074609863721115914e+02 7.584644699105253096e+01
2.077036412242140671e+02 8.300177217888769121e+01
2.077036412242140671e+02 8.300177217888769121e+01
2.078224057543802417e+02 8.729496729158883284e+01
2.079093194814513481e+02 9.301922744185687009e+01
2.080338295001346012e+02 7.727751202861965396e+01
2.085469153314574839e+02 8.729496729158883284e+01
2.090225294504541864e+02 9.301922744185687009e+01
2.095538553529776493e+02 9.301922744185687009e+01
2.098922949033386089e+02 1.030366827048260490e+02
2.101408062198686935e+02 1.087609428550943278e+02
2.102018472427115512e+02 7.727751202861965396e+01
2.102839253104836246e+02 9.158816240428973288e+01
2.104292924800485594e+02 9.158816240428997446e+01
2.113210568464804737e+02 8.586390225402170984e+01
2.115048809645028030e+02 7.870857706618653538e+01
2.122639771826426909e+02 9.158816240428997446e+01
2.124735596002743421e+02 7.584644699105253096e+01
2.125461143957532784e+02 8.300177217888769121e+01
2.127875394816743437e+02 8.729496729158883284e+01
2.135598089297623687e+02 7.870857706618653538e+01
2.140356560194119027e+02 9.301922744185687009e+01
2.140914680360891111e+02 1.073298778175271906e+02
2.149191313346648542e+02 1.130541379677954694e+02
2.154935851093983956e+02 9.445029247942399309e+01
2.158520807817304785e+02 1.044677477423931862e+02
2.162562178397070909e+02 7.870857706618653538e+01
2.167158090435180213e+02 1.130541379677954694e+02
2.172548023157343664e+02 1.058988127799603092e+02
2.175496072773563867e+02 9.874348759212514892e+01
2.183450460308992263e+02 8.586390225402170984e+01
2.187236502657005133e+02 9.301922744185687009e+01
2.187926106239115995e+02 9.158816240428997446e+01
2.189170890277854937e+02 8.300177217888769121e+01
2.192662609979115587e+02 1.058988127799603092e+02
2.193244224513344705e+02 1.159162680429292323e+02
2.201643497375412721e+02 1.016056176672591675e+02
2.208905529985189844e+02 8.872603232915571425e+01
2.210538320424173548e+02 1.087609428550943278e+02
2.220595353342372107e+02 9.158816240428997446e+01
2.221578569618305323e+02 1.073298778175271906e+02
2.223227899592594383e+02 9.158816240428997446e+01
2.225495794903343096e+02 9.015709736672285146e+01
2.226577930797666056e+02 1.101920078926612092e+02
2.233156832686413793e+02 8.586390225402170984e+01
2.235172112111967238e+02 1.101920078926612092e+02
2.238981825097454248e+02 8.443283721645481421e+01
2.244971397345820492e+02 1.101920078926612092e+02
2.251509932032722361e+02 1.044677477423931862e+02
2.266757788290284452e+02 1.101920078926612092e+02
2.269221518427373780e+02 1.016056176672589260e+02
2.278178857515282516e+02 9.731242255455801171e+01
2.279279625025635312e+02 8.729496729158883284e+01
2.280763114814662629e+02 6.582899172808335209e+01
2.297802739507032470e+02 1.116230729302283464e+02
2.308508797354722049e+02 1.044677477423931862e+02
2.312925242668465273e+02 9.874348759212514892e+01
2.312925242668465273e+02 1.073298778175271906e+02
2.317687459458842625e+02 1.130541379677952278e+02
2.323917849903870660e+02 1.058988127799600676e+02
2.337041699860958204e+02 1.001745526296920303e+02
2.347523497082932806e+02 1.058988127799600676e+02
2.357094785140064914e+02 1.073298778175271906e+02
2.359435469647562797e+02 1.058988127799600676e+02
2.359792707597966057e+02 1.116230729302283464e+02
2.367402442826522417e+02 1.101920078926612092e+02
2.367800888639968946e+02 7.584644699105253096e+01
2.370132380881775589e+02 1.216405281931972837e+02
2.370332305435375702e+02 1.058988127799600676e+02
2.374718170687488623e+02 9.588135751699088871e+01
2.375926832815599141e+02 1.001745526296920303e+02
2.390109924306274820e+02 1.044677477423931862e+02
2.390286568024614269e+02 1.087609428550943278e+02
2.391912353220305647e+02 1.116230729302283464e+02
2.398253425885917238e+02 1.073298778175271906e+02
2.399444631388087430e+02 9.588135751699088871e+01
2.404943481557235145e+02 1.030366827048260490e+02
2.407226288865544177e+02 1.087609428550940862e+02
2.413203455732663940e+02 1.058988127799600676e+02
2.424059138108837885e+02 8.157070714132055400e+01
2.424520983532528930e+02 1.044677477423931862e+02
2.426610039444987592e+02 9.588135751699088871e+01
2.433568970106042286e+02 1.087609428550943278e+02
2.438570604456394619e+02 1.345201135313007228e+02
2.441647831663587169e+02 1.130541379677952278e+02
2.442730766038887964e+02 1.202094631556303739e+02
2.449090114299027050e+02 9.158816240428997446e+01
2.452652288875820545e+02 1.001745526296920303e+02
2.455845559036574457e+02 1.058988127799600676e+02
2.457427329164776779e+02 1.345201135313007228e+02
2.462716442232395764e+02 1.044677477423931862e+02
2.464427640030547764e+02 9.445029247942399309e+01
2.467067840681351925e+02 1.216405281931975111e+02
2.467608679595519163e+02 9.301922744185711167e+01
2.470168106563179435e+02 1.287958533810326855e+02
2.472010168991489252e+02 1.173473330804963695e+02
2.474870002696891049e+02 8.300177217888769121e+01
2.477631401590962241e+02 9.158816240428997446e+01
2.481483850126149378e+02 1.187783981180634925e+02
2.485292312086787376e+02 1.101920078926612092e+02
2.487140693991513842e+02 1.173473330804963695e+02
2.490790374149155468e+02 1.087609428550940862e+02
2.503579626865241892e+02 1.287958533810326855e+02
2.503869067558287043e+02 1.130541379677954694e+02
2.503909835242474742e+02 1.259337233058986669e+02
2.504679986910402363e+02 1.130541379677952278e+02
2.504957722208155815e+02 1.302269184185995812e+02
2.512508193308017042e+02 1.259337233058986669e+02
2.517480394309668270e+02 1.173473330804963695e+02
2.517713378008823213e+02 9.588135751699088871e+01
2.523256012122928666e+02 1.173473330804963695e+02
2.538177989531299090e+02 1.273647883434655625e+02
2.539028496411171147e+02 1.316579834561667042e+02
2.542585133928141659e+02 1.245026582683315439e+02
2.543658674275577027e+02 1.173473330804963695e+02
2.557129220352901200e+02 1.159162680429292323e+02
2.558035782904437383e+02 1.202094631556306297e+02
2.560304429660072856e+02 1.173473330804963695e+02
2.573408108180661316e+02 1.287958533810326855e+02
2.574102768056761761e+02 1.202094631556306297e+02
2.579886553855150737e+02 1.173473330804963695e+02
2.583557240627091574e+02 1.245026582683315439e+02
2.583708019047265907e+02 1.159162680429292323e+02
2.583928193024409552e+02 1.116230729302283464e+02
2.594750993193274553e+02 1.388133086440018644e+02
2.602228780680484874e+02 1.302269184185995812e+02
2.602780979993644337e+02 1.230715932307644067e+02
2.603581488955840655e+02 1.087609428550940862e+02
2.609744654381431133e+02 1.287958533810326855e+02
2.611370809836787998e+02 1.187783981180634925e+02
2.612961004971527359e+02 1.130541379677952278e+02
2.613257455355882826e+02 1.402443736815689874e+02
2.615750514692913953e+02 8.586390225402170984e+01
2.616275450001538161e+02 1.130541379677954694e+02
2.630467036449673515e+02 1.402443736815687316e+02
2.634598271849520756e+02 1.273647883434655625e+02
2.635213401681428422e+02 1.245026582683315439e+02
2.639116382529399516e+02 1.130541379677952278e+02
2.643391793347494172e+02 1.259337233058986669e+02
2.646285307449066408e+02 1.044677477423931862e+02
2.647186313104940041e+02 1.187783981180634925e+02
2.648165715805620835e+02 1.173473330804963695e+02
2.650598602307461533e+02 1.101920078926612092e+02
2.654266853038409408e+02 1.159162680429292323e+02
2.659667893808870645e+02 1.101920078926612092e+02
2.670594953884010465e+02 1.044677477423931862e+02
2.678249901040277905e+02 1.159162680429292323e+02
2.687250849478460850e+02 1.245026582683315439e+02
2.693535112746336608e+02 1.116230729302283464e+02
2.702475188007234124e+02 1.216405281931975111e+02
2.708685449884370087e+02 1.216405281931975111e+02
2.711511024693376157e+02 1.144852030053623508e+02
2.714528431104660058e+02 1.388133086440018644e+02
2.716447255858897734e+02 1.144852030053623508e+02
2.726918310951638773e+02 1.116230729302283464e+02
2.733681313173457283e+02 1.345201135313007228e+02
2.737623826319468776e+02 1.287958533810326855e+02
2.739647857382510097e+02 1.245026582683315439e+02
2.741301432817526802e+02 1.230715932307644067e+02
2.743441411050987995e+02 1.359511785688678458e+02
2.748061501875192789e+02 1.016056176672591675e+02
2.750619507484510109e+02 1.388133086440018644e+02
2.758201206008411077e+02 1.044677477423931862e+02
2.766532739555832450e+02 1.388133086440018644e+02
2.768812362682842263e+02 9.874348759212514892e+01
2.769625380284808216e+02 1.144852030053623508e+02
2.771914282272442165e+02 1.345201135313007228e+02
2.779006238918593112e+02 1.431065037567027787e+02
2.787793265922600199e+02 1.359511785688675900e+02
2.795236290237323828e+02 1.116230729302283464e+02
2.808558138641892015e+02 1.173473330804963695e+02
2.810941097453787165e+02 1.345201135313007228e+02
2.813794423817891470e+02 9.874348759212514892e+01
2.815738685447573175e+02 1.202094631556306297e+02
2.818360149518617277e+02 1.302269184185995812e+02
2.829625949226412445e+02 1.388133086440018644e+02
2.834309125693233682e+02 9.731242255455801171e+01
2.845440965436819738e+02 1.273647883434655625e+02
2.846916835620800725e+02 1.001745526296920303e+02
2.850396508876200414e+02 1.345201135313007228e+02
2.863232336807168963e+02 1.073298778175271906e+02
2.864813225655316273e+02 1.259337233058986669e+02
2.868209748786203477e+02 1.259337233058986669e+02
2.868856238954674609e+02 1.402443736815687316e+02
2.874246013006284670e+02 1.316579834561667042e+02
2.874246013006285807e+02 1.287958533810326855e+02
2.875548124252351272e+02 1.431065037567027787e+02
2.886997920927655059e+02 1.516928939821050619e+02
2.895020446236417797e+02 1.216405281931975111e+02
2.896708629159116981e+02 1.273647883434655625e+02
2.903786837807956545e+02 9.588135751699088871e+01
2.913738791040257752e+02 1.302269184185995812e+02
2.914821810146869439e+02 1.058988127799603092e+02
2.916917194354908816e+02 1.402443736815689874e+02
2.917994066859462237e+02 1.402443736815687316e+02
2.918882998035642231e+02 1.302269184185995812e+02
2.919143219121534685e+02 1.287958533810326855e+02
2.920672001151748987e+02 1.388133086440018644e+02
2.930788638317165464e+02 1.431065037567027787e+02
2.938037405090578318e+02 1.359511785688675900e+02
2.943963002646607379e+02 1.316579834561667042e+02
2.944381934652739119e+02 1.273647883434655625e+02
2.952944128325919451e+02 1.287958533810326855e+02
2.959748619243398480e+02 1.316579834561667042e+02
2.965688964975740305e+02 1.402443736815689874e+02
2.968791658587682036e+02 1.187783981180634925e+02
2.969606252851244221e+02 1.516928939821050619e+02
2.985236832866230543e+02 1.144852030053623508e+02
2.993662606512602338e+02 1.473996988694041761e+02
3.000384979490827959e+02 1.488307639069710433e+02
3.002379883627696131e+02 1.516928939821050619e+02
3.006363856371754650e+02 1.359511785688675900e+02
3.013763524808180705e+02 1.359511785688675900e+02
3.016681089245025191e+02 1.488307639069710433e+02
3.019634592452076731e+02 9.301922744185687009e+01
3.024859956800255532e+02 1.187783981180634925e+02
3.039787327369874106e+02 1.202094631556303739e+02
3.039928724856743543e+02 1.259337233058986669e+02
3.039928724856746385e+02 1.516928939821050619e+02
3.044217425129147614e+02 1.702967394704762967e+02
3.048282641482049939e+02 1.516928939821050619e+02
3.050363657737412950e+02 1.502618289445381663e+02
3.053454067216185308e+02 6.869112180321735650e+01
3.053936088500807955e+02 1.473996988694041761e+02
3.055034472415402433e+02 1.416754387191358546e+02
3.057711143207347959e+02 9.874348759212490734e+01
3.059270727533053105e+02 1.674346093953425054e+02
3.061502935188011634e+02 1.431065037567027787e+02
3.068291134939898939e+02 1.287958533810324298e+02
3.073161080251543922e+02 1.574171541323730708e+02
3.075282740905549304e+02 1.230715932307644067e+02
3.084992870227688968e+02 1.688656744329094010e+02
3.085147339727952271e+02 1.345201135313007228e+02
3.093134090268824252e+02 9.874348759212490734e+01
3.105036834049615777e+02 1.431065037567027787e+02
3.137196416540871269e+02 1.445375687942699017e+02
3.141119762208421093e+02 1.473996988694041761e+02
3.164754129618658567e+02 1.502618289445379389e+02
3.166680403629958960e+02 1.202094631556303739e+02
3.179749091873687803e+02 1.617103492450742124e+02
3.188601507543742173e+02 1.473996988694041761e+02
3.233029626160943621e+02 1.574171541323730708e+02
3.244129714611316331e+02 1.488307639069710433e+02
3.245303940206864013e+02 1.402443736815689874e+02
3.247782290764125150e+02 1.602792842075073452e+02
3.279669661496459980e+02 1.645724793202082310e+02
3.281063679742233603e+02 1.617103492450742124e+02
3.290937825231004581e+02 1.216405281931972837e+02
3.294065380129939626e+02 1.617103492450744682e+02
3.296909892628940497e+02 1.416754387191358546e+02
3.333833278846417443e+02 1.645724793202082310e+02
3.348896178891143904e+02 1.488307639069710433e+02
3.364184075140607320e+02 1.473996988694039203e+02
3.377057310704074098e+02 1.431065037567027787e+02
3.414046695247287744e+02 1.431065037567030060e+02
3.491356833016886867e+02 1.345201135313007228e+02
3.516920530148213402e+02 1.545550240572393079e+02
3.520383463394493333e+02 1.745899345831776657e+02
3.542435239929218938e+02 1.602792842075073452e+02
3.556863576248591698e+02 1.388133086440018644e+02
3.570202397693886951e+02 1.402443736815689874e+02
3.579247397951005496e+02 1.531239590196721849e+02
3.587716413625842620e+02 1.903316499964148818e+02
3.597508697576453187e+02 1.402443736815689874e+02
3.598076565495694012e+02 1.087609428550940862e+02
3.599941405230050577e+02 1.087609428550940862e+02
3.605724717164800950e+02 1.731588695456105427e+02
3.606927034776964547e+02 1.602792842075073452e+02
3.610998623699587711e+02 2.146597556350543812e+02
3.614529989394939093e+02 1.731588695456105427e+02
3.627860569100954535e+02 1.144852030053623508e+02
3.645955264293244227e+02 2.075044304472192493e+02
3.652352251290453182e+02 2.032112353345180793e+02
3.660973374675617151e+02 1.259337233058986669e+02
3.681935373871110642e+02 1.173473330804963695e+02
3.689408798789702928e+02 1.731588695456105427e+02
3.726526607978986476e+02 1.531239590196721849e+02
3.747684792280045372e+02 1.860384548837137402e+02
3.765943687665181301e+02 1.116230729302283464e+02
3.767039348156763481e+02 1.617103492450744682e+02
3.771843898845984313e+02 1.445375687942699017e+02
3.772591773446919206e+02 1.259337233058986669e+02
3.773862489412831565e+02 1.874695199212808632e+02
3.820233895121425576e+02 1.574171541323730708e+02
3.831296733183215792e+02 1.359511785688675900e+02
3.849495559177291284e+02 1.287958533810326855e+02
3.875333228981226625e+02 2.075044304472192493e+02
3.876662479852417391e+02 1.001745526296920303e+02
3.878563305466541351e+02 1.316579834561667042e+02
3.879671377737652165e+02 1.302269184185995812e+02
3.891325457002997723e+02 1.388133086440018644e+02
3.898037000346235459e+02 1.001745526296920303e+02
3.915131088513497843e+02 1.001745526296920303e+02
3.937845598699427683e+02 1.144852030053623508e+02
3.956415876544563162e+02 1.431065037567027787e+02
3.986425843588356202e+02 1.516928939821050619e+02
3.986524764119804445e+02 9.588135751699088871e+01
3.992824301050590634e+02 1.016056176672589260e+02
4.004866325022059641e+02 2.203840157853224184e+02
4.015420024115289834e+02 1.531239590196721849e+02
4.018464861997418893e+02 1.058988127799600676e+02
4.020596505951103836e+02 1.302269184185995812e+02
4.021916879208037585e+02 1.473996988694039203e+02
4.035214026881268410e+02 1.359511785688678458e+02
4.037207209753420329e+02 2.175218857101883714e+02
4.040868305887550491e+02 1.330890484937335714e+02
4.063094009407454905e+02 1.631414142826411080e+02
4.076332497444805085e+02 1.345201135313007228e+02
4.084922710553766478e+02 1.745899345831776657e+02
4.094625383686894224e+02 1.760209996207445613e+02
4.096331177874567970e+02 2.075044304472192493e+02
4.106141032687432926e+02 1.531239590196721849e+02
4.116788587110684148e+02 1.302269184185995812e+02
4.126777076372235911e+02 1.602792842075073452e+02
4.144678459486443671e+02 1.473996988694039203e+02
4.148995998289107661e+02 1.774520646583114285e+02
4.152528381403660660e+02 1.445375687942699017e+02
4.155948995895442408e+02 2.117976255599201352e+02
4.161036066704959353e+02 1.373822436064347130e+02
4.164209483060789125e+02 2.017801702969511837e+02
4.172073526406529140e+02 1.688656744329094010e+02
4.184237860084298859e+02 1.946248451091160234e+02
4.184862436827241936e+02 1.445375687942699017e+02
4.188576277252065552e+02 2.246772108980235885e+02
4.198042499655566644e+02 1.774520646583116843e+02
4.205754109188860070e+02 1.388133086440018644e+02
4.215010916201002260e+02 1.531239590196721849e+02
4.219395536448857911e+02 1.602792842075073452e+02
4.232318130399459051e+02 2.075044304472192493e+02
4.243996147565474075e+02 1.473996988694039203e+02
4.252878800195877034e+02 1.645724793202082310e+02
4.270236145622981780e+02 1.731588695456105427e+02
4.271196178595247375e+02 1.416754387191358546e+02
4.292050159115011070e+02 1.688656744329094010e+02
4.292282088006014646e+02 1.602792842075073452e+02
4.298919018113094239e+02 1.760209996207445613e+02
4.302518044251318656e+02 1.645724793202082310e+02
4.304112021164621069e+02 1.373822436064347130e+02
4.308649961223802620e+02 1.602792842075073452e+02
4.312949509677179094e+02 1.674346093953425054e+02
4.316446271719643732e+02 1.431065037567027787e+02
4.321623351581382622e+02 1.760209996207445613e+02
4.342585482070102216e+02 1.688656744329094010e+02
4.361805804394955999e+02 1.588482191699402222e+02
4.364676938348627573e+02 1.917627150339817774e+02
4.377298713120527509e+02 1.545550240572390805e+02
4.379025416035444209e+02 1.688656744329094010e+02
4.391544754541841939e+02 1.846073898461465888e+02
4.402053973301196379e+02 1.459686338318370247e+02
4.402053973301198653e+02 1.717278045080434197e+02
4.422515636784517028e+02 1.731588695456105427e+02
4.435899461882320338e+02 1.459686338318370247e+02
4.440431825105682719e+02 1.602792842075073452e+02
4.443778187818794549e+02 1.989180402218169377e+02
4.447799654839278105e+02 1.545550240572390805e+02
4.455914779419140359e+02 1.402443736815689874e+02
4.455935040528380000e+02 1.345201135313007228e+02
4.459584235015278182e+02 1.130541379677952278e+02
4.460287723705708913e+02 1.903316499964148818e+02
4.462063234406022616e+02 1.660035443577753824e+02
4.467487462482312708e+02 2.160908206726215326e+02
4.470475112463146274e+02 1.330890484937335714e+02
4.480475513027923853e+02 1.488307639069710433e+02
4.483145337926930551e+02 1.645724793202082310e+02
4.495128755574820048e+02 1.345201135313007228e+02
4.498393620004721356e+02 1.402443736815689874e+02
4.511287175836304186e+02 1.373822436064347130e+02
4.513733008820287864e+02 1.459686338318370247e+02
4.528137233578977998e+02 1.473996988694039203e+02
4.541288319229357171e+02 1.459686338318370247e+02
4.574930689444300356e+02 1.516928939821050619e+02
4.589383277362883291e+02 1.731588695456105427e+02
4.595506849213694522e+02 1.473996988694039203e+02
4.613416876733711547e+02 1.402443736815687316e+02
4.621818691630584794e+02 1.459686338318370247e+02
4.631585558585325089e+02 1.531239590196721849e+02
4.638444772531131548e+02 1.559860890948062035e+02
4.642856333754287448e+02 1.688656744329094010e+02
4.650489750929663160e+02 1.402443736815687316e+02
4.650775310399064324e+02 1.760209996207445613e+02
4.652328945890238856e+02 1.473996988694039203e+02
4.663752443610840714e+02 1.645724793202082310e+02
4.672158640021284555e+02 1.302269184185995812e+02
4.673672503019941473e+02 1.473996988694041761e+02
4.676824660242904201e+02 1.674346093953425054e+02
4.697988583466233194e+02 1.602792842075073452e+02
4.709018873585526990e+02 1.645724793202082310e+02
4.709940172871015420e+02 1.230715932307644067e+02
4.720763632849891565e+02 1.044677477423931862e+02
4.724073308673669658e+02 1.903316499964148818e+02
4.737414307956061634e+02 1.502618289445379389e+02
4.750637882536813663e+02 1.574171541323730708e+02
4.766551656525560929e+02 1.259337233058986669e+02
4.770972459254746241e+02 1.645724793202082310e+02
4.772117154479888086e+02 1.559860890948062035e+02
4.776668931951743957e+02 1.645724793202082310e+02
4.809268521527228586e+02 1.431065037567027787e+02
4.809870586149618248e+02 1.273647883434655625e+02
4.817333011892638979e+02 1.388133086440018644e+02
4.839169478711072543e+02 1.130541379677952278e+02
4.839500718135628858e+02 1.330890484937338272e+02
4.873070466299398049e+02 1.545550240572390805e+02
4.890549731968138190e+02 1.345201135313007228e+02
4.934856861077040548e+02 1.903316499964148818e+02
4.963915877677784465e+02 1.287958533810324298e+02
4.966629471779140204e+02 1.101920078926612092e+02
4.977496610271651889e+02 1.345201135313007228e+02
5.005229334597398747e+02 1.302269184185995812e+02
5.027983228449587614e+02 1.259337233058984253e+02
5.054214354542538672e+02 1.345201135313007228e+02
5.056989101971168452e+02 1.860384548837137402e+02
5.057919309585486189e+02 1.216405281931975111e+02
5.078311022906285643e+02 1.245026582683315439e+02
5.085170267856283317e+02 1.302269184185995812e+02
5.131160401381795282e+02 9.158816240428997446e+01
5.153121931550650743e+02 1.001745526296920303e+02
5.156646480290921772e+02 9.158816240428997446e+01
