# data from file /Users/tpaneque/Documents/MAPS/as209/AS_209_C2H_260GHz_hf3.0.15arcsec.JvMcorr.image.fits
# parameters used:
# PA: 85.8
# inc: 35.0
# dist: 121.0 
# vsys: 4.6
# r[au] h[au]
3.325091902718117609e+01 -0.000000000000000000e+00
3.359235648859533541e+01 7.047668672254030930e+00
3.722377450417513955e+01 1.409533734450854281e+00
3.918166248124188655e+01 1.409533734450854281e+00
4.074707167694590737e+01 2.819067468901708562e+00
4.093254680348949393e+01 4.228601203352322813e+00
4.184372956022540535e+01 8.457202406704766418e+00
4.321813986353004111e+01 4.228601203352322813e+00
4.343497205380080572e+01 1.268580361005720825e+01
4.453386570024026980e+01 4.228601203352442717e+00
4.489845368918467017e+01 1.409533734450854281e+00
4.558723542728866107e+01 5.638134937803177316e+00
4.585719984577056607e+01 4.228601203352322813e+00
4.591241958830176628e+01 1.409533734450854281e+00
4.744413881725702709e+01 1.409533734450854281e+00
4.799814826233765785e+01 4.228601203352442717e+00
4.824831996909987453e+01 2.819067468901588658e+00
4.927988752887516455e+01 1.409533734450854281e+00
4.993715264013599864e+01 1.409533734450854281e+00
5.028680156392886147e+01 1.409533734450854281e+00
5.028680156392886147e+01 1.409533734450854281e+00
5.117735467963578344e+01 1.832393854786038645e+01
5.164416925469095787e+01 4.228601203352442717e+00
5.181330677863077483e+01 1.409533734450854281e+00
5.283753681098699673e+01 1.409533734450854281e+00
5.320279223421232473e+01 -0.000000000000000000e+00
5.337901698173421039e+01 1.409533734450854281e+00
5.337901698173421039e+01 1.409533734450854281e+00
5.538864045428515936e+01 1.409533734450854281e+00
5.575260715819096191e+01 -0.000000000000000000e+00
5.602671952882271000e+01 7.047668672254030930e+00
5.654948467169027992e+01 1.409533734450854281e+00
5.654948467169027992e+01 1.409533734450854281e+00
5.667995620437694271e+01 1.409533734450854281e+00
5.701175177646940995e+01 1.409533734450854281e+00
5.735478626112710998e+01 2.819067468901588658e+00
5.779504260338337218e+01 1.409533734450854281e+00
5.828131715145465108e+01 5.638134937803177316e+00
5.833788802918589766e+01 2.819067468901708562e+00
5.833788802918589766e+01 2.819067468901708562e+00
5.890003343018147319e+01 -0.000000000000000000e+00
5.932538874296938047e+01 1.409533734450854281e+00
5.934592654729834038e+01 4.228601203352442717e+00
5.985970174006908451e+01 1.409533734450854281e+00
6.079153253078015950e+01 2.819067468901588658e+00
6.085692179958429193e+01 1.409533734450854281e+00
6.143706294670965207e+01 1.409533734450854281e+00
6.197615437692693519e+01 2.819067468901708562e+00
6.231211544232996857e+01 1.409533734450854281e+00
6.246078611121127722e+01 1.409533734450854281e+00
6.319661447349476191e+01 4.228601203352442717e+00
6.325885175634279278e+01 -0.000000000000000000e+00
6.356909282812852524e+01 5.638134937803177316e+00
6.410619198877785152e+01 1.409533734450854281e+00
6.437693909164791251e+01 2.819067468901588658e+00
6.498686454112707622e+01 1.409533734450854281e+00
6.530427078701899291e+01 1.409533734450854281e+00
6.563471573573303885e+01 1.409533734450854281e+00
6.575737766841564280e+01 8.457202406704885433e+00
6.581679129027581610e+01 8.457202406704885433e+00
6.581679129027588715e+01 -0.000000000000000000e+00
6.614609171142716093e+01 2.819067468901708562e+00
6.683757203229943400e+01 1.409533734450854281e+00
6.690191528385000197e+01 4.228601203352442717e+00
6.732434931172382164e+01 1.409533734450854281e+00
6.751580341424434550e+01 1.409533734450854281e+00
6.808752518021263711e+01 2.819067468901588658e+00
6.907256493938892561e+01 -0.000000000000000000e+00
6.926345269617402778e+01 4.228601203352442717e+00
6.970353312100182563e+01 2.819067468901588658e+00
6.984599148440827321e+01 4.228601203352322813e+00
7.007459638185650874e+01 1.832393854786038645e+01
7.022691455256916981e+01 1.832393854786038645e+01
7.037263761596477707e+01 -0.000000000000000000e+00
7.065652295631542756e+01 7.047668672254030930e+00
7.068189963530356579e+01 9.866736141155501016e+00
7.079919470451949337e+01 5.638134937803177316e+00
7.121176966222620308e+01 5.638134937803177316e+00
7.130011237784260913e+01 4.228601203352442717e+00
7.155044767696750796e+01 1.409533734450854281e+00
7.156715514787717325e+01 1.409533734450854281e+00
7.166050200010619164e+01 5.638134937803177316e+00
7.168366485359275941e+01 2.819067468901708562e+00
7.190391381913742919e+01 2.819067468901588658e+00
7.191635548859862581e+01 9.866736141155618256e+00
7.219668242811188463e+01 4.228601203352442717e+00
7.240220918159882046e+01 5.638134937803177316e+00
7.266237739167004861e+01 2.819067468901708562e+00
7.295258607426460173e+01 1.409533734450854281e+00
7.300633930701943086e+01 5.638134937803177316e+00
7.434982593349933211e+01 1.409533734450854281e+00
7.438358687258870816e+01 7.047668672254030930e+00
7.459763136688074781e+01 1.832393854786038645e+01
7.490652415598265179e+01 1.409533734450854281e+00
7.501716846331146371e+01 9.866736141155618256e+00
7.531041729414189945e+01 9.866736141155618256e+00
7.531805589754732466e+01 2.819067468901708562e+00
7.581012794370748509e+01 2.819067468901588658e+00
7.581012794370751351e+01 2.819067468901588658e+00
7.583326955493208743e+01 1.409533734450854281e+00
7.628072090155038154e+01 -0.000000000000000000e+00
7.630524932886056888e+01 4.228601203352442717e+00
7.718550423022477958e+01 1.409533734450854281e+00
7.837028462379389282e+01 4.228601203352322813e+00
7.839163921283102354e+01 1.409533734450854281e+00
7.848997320142422041e+01 1.127626987560635463e+01
7.904847645178968207e+01 9.866736141155618256e+00
7.905575387356333295e+01 2.819067468901708562e+00
7.979297659669158804e+01 2.819067468901588658e+00
7.980418835131847288e+01 1.409533734450854281e+00
7.988326801573097669e+01 5.638134937803177316e+00
7.997343970088810750e+01 -0.000000000000000000e+00
8.032458114749474021e+01 1.409533734450854281e+00
8.042510350672129960e+01 1.409533734450854281e+00
8.079252032241498682e+01 4.228601203352442717e+00
8.109365834738277101e+01 5.638134937803177316e+00
8.122131680355452943e+01 -0.000000000000000000e+00
8.227098911284483052e+01 1.409533734450806186e+01
8.299692197351149048e+01 -0.000000000000000000e+00
8.338135041324925112e+01 1.409533734450854281e+00
8.342749749332561748e+01 1.409533734450854281e+00
8.363088068062359071e+01 2.819067468901588658e+00
8.368069676700048376e+01 1.409533734450854281e+00
8.394936573587382611e+01 1.409533734450854281e+00
8.406705722783607371e+01 -0.000000000000000000e+00
8.416724276055438736e+01 2.819067468901588658e+00
8.441874597400250479e+01 7.047668672254030930e+00
8.454096613693687345e+01 4.228601203352442717e+00
8.499133637120245055e+01 1.409533734450854281e+00
8.503071463349753856e+01 4.228601203352442717e+00
8.555232269404139345e+01 2.819067468901588658e+00
8.640307710613386405e+01 -0.000000000000000000e+00
8.648656992285508238e+01 9.866736141155618256e+00
8.658103641574375331e+01 1.409533734450854281e+00
8.706010388083652174e+01 1.409533734450854281e+00
8.716086290167274342e+01 2.819067468901588658e+00
8.730768518466872763e+01 1.409533734450854281e+00
8.730768518466877026e+01 1.409533734450854281e+00
8.750683204377887137e+01 5.638134937803177316e+00
8.783454255202592265e+01 9.866736141155618256e+00
8.783534628222983542e+01 1.409533734450854281e+00
8.879963257658816644e+01 2.819067468901708562e+00
8.937447434911543098e+01 1.409533734450854281e+00
8.987607563295610191e+01 2.819067468901708562e+00
8.987936316444393015e+01 1.409533734450854281e+00
8.991793674638773837e+01 -0.000000000000000000e+00
9.054946329526704574e+01 1.409533734450854281e+00
9.062141559565642979e+01 -0.000000000000000000e+00
9.064446268804633178e+01 4.228601203352442717e+00
9.082571108371834612e+01 1.409533734450854281e+00
9.082571108371838875e+01 1.409533734450854281e+00
9.083019903061892819e+01 9.866736141155618256e+00
9.099929145638618877e+01 -0.000000000000000000e+00
9.117447085457716582e+01 2.819067468901708562e+00
9.227613452549350370e+01 4.228601203352442717e+00
9.231499554527717066e+01 1.409533734450854281e+00
9.329395351745486664e+01 -0.000000000000000000e+00
9.361098399115321911e+01 1.409533734450854281e+00
9.391528481033439846e+01 5.638134937803177316e+00
9.466632279935343774e+01 -0.000000000000000000e+00
9.494281279139366347e+01 5.638134937803177316e+00
9.537019649280961175e+01 4.228601203352442717e+00
9.624370854891435556e+01 4.228601203352442717e+00
9.629799045312798000e+01 -0.000000000000000000e+00
9.684834797201081358e+01 4.228601203352442717e+00
9.713006820116514461e+01 4.228601203352442717e+00
9.788491348348964038e+01 -0.000000000000000000e+00
9.811835008636678879e+01 2.819067468901588658e+00
9.832566678314371700e+01 1.409533734450854281e+00
9.899848419228952423e+01 4.228601203352442717e+00
9.907081394937794983e+01 1.691440481340953284e+01
9.987897089958705976e+01 5.638134937803177316e+00
9.999673054768622649e+01 4.228601203352442717e+00
1.001488752000622924e+02 1.409533734450854281e+00
1.002674364213889220e+02 4.228601203352442717e+00
1.007101739635764801e+02 5.638134937803177316e+00
1.009995635070223443e+02 -0.000000000000000000e+00
1.012123551844172482e+02 -0.000000000000000000e+00
1.027067003883017975e+02 4.228601203352442717e+00
1.031964027962407044e+02 4.228601203352442717e+00
1.038870502320475140e+02 5.638134937803177316e+00
1.039472159034584706e+02 5.638134937803177316e+00
1.039472159034584706e+02 5.638134937803177316e+00
1.046382642023008458e+02 -0.000000000000000000e+00
1.059504222081488649e+02 7.047668672254030930e+00
1.064864952748530555e+02 7.047668672254030930e+00
1.070951415699111209e+02 -0.000000000000000000e+00
1.072858293875481905e+02 5.638134937803177316e+00
1.080217962040989192e+02 5.638134937803177316e+00
1.097950619251567730e+02 5.638134937803177316e+00
1.107168262715992597e+02 5.638134937803177316e+00
1.114945759895889950e+02 2.819067468901708562e+00
