# data from file /Users/tpaneque/Documents/MAPS/mwc480/MWC_480_13CO_220GHz.robust_0.5.JvMcorr.image.fits
# parameters used:
# PA: 148.0
# inc: 37.0
# dist: 162.0 
# vsys: 5.1
# r[au] h[au]
2.033007882280829648e+01 1.798595054996238618e+00
2.278615028334603210e+01 3.597190109992477236e+00
2.278615028334611381e+01 -0.000000000000000000e+00
2.278615028334611381e+01 -0.000000000000000000e+00
2.407961281790052510e+01 1.798595054996238618e+00
2.580818850817720644e+01 -0.000000000000000000e+00
2.668497005884232820e+01 8.992975274980889111e+00
2.695703438433788079e+01 1.798595054996238618e+00
2.710677176374443320e+01 7.194380219984649827e+00
2.930770506845743739e+01 5.395785164988563309e+00
2.981744894011875147e+01 1.079157032997712662e+01
3.050544773046664560e+01 7.194380219984649827e+00
3.062730118281260516e+01 1.079157032997712662e+01
3.062730118281269753e+01 -0.000000000000000000e+00
3.116790472632060016e+01 1.798595054996238618e+00
3.171587916911703431e+01 1.798595054996238618e+00
3.293760050582154264e+01 -0.000000000000000000e+00
3.322195296201457637e+01 5.395785164988563309e+00
3.327206493586803049e+01 7.194380219984649827e+00
3.459827303261609899e+01 5.395785164988563309e+00
3.459827303261612030e+01 5.395785164988563309e+00
3.536458077937097499e+01 1.798595054996238618e+00
3.541022810481447891e+01 7.194380219984649827e+00
3.592665547973469842e+01 7.194380219984649827e+00
3.646425797012345527e+01 3.597190109992477236e+00
3.659414188105488819e+01 1.798595054996238618e+00
3.725697970121705538e+01 1.798595054996238618e+00
3.791541274070382173e+01 7.194380219984649827e+00
3.803100542627266378e+01 5.395785164988563309e+00
3.858904487456911880e+01 1.079157032997712662e+01
3.917826547711467100e+01 1.798595054996238618e+00
3.992267673369841674e+01 1.259016538497321136e+01
4.044710538060645177e+01 3.597190109992477236e+00
4.044710538060645177e+01 3.597190109992477236e+00
4.044710538060645177e+01 3.597190109992477236e+00
4.089378099949409062e+01 3.597190109992477236e+00
4.101627854314124733e+01 7.194380219984649827e+00
4.172138620565907274e+01 1.798595054996238618e+00
4.189228742170701025e+01 1.798595054996238618e+00
4.259405169996043838e+01 1.618735549496553716e+01
4.336732544094120811e+01 3.597190109992477236e+00
4.336732544094130759e+01 -0.000000000000000000e+00
4.336732544094130759e+01 -0.000000000000000000e+00
4.394667499972354108e+01 5.395785164988563309e+00
4.425562096056108885e+01 7.194380219984649827e+00
4.455817151940126308e+01 1.798595054996238618e+00
4.596589140275331431e+01 3.597190109992477236e+00
4.608151199836534317e+01 3.597190109992477236e+00
4.685643598736499627e+01 1.798595054996238618e+00
4.715277437249463333e+01 -0.000000000000000000e+00
4.815922563580107152e+01 -0.000000000000000000e+00
4.936060658971274506e+01 7.194380219984649827e+00
4.940640075873218962e+01 1.798595054996238618e+00
5.048289796466499979e+01 5.395785164988563309e+00
5.062523215911109986e+01 1.798595054996238618e+00
5.063662307135638940e+01 -0.000000000000000000e+00
5.149104439955632984e+01 3.597190109992477236e+00
5.161342828216805145e+01 3.597190109992477236e+00
5.228757093560002289e+01 1.798595054996238618e+00
5.261797898333212231e+01 1.798595054996238618e+00
5.285820493930147990e+01 1.798595054996238618e+00
5.394753536959606777e+01 5.395785164988563309e+00
5.507699934372707418e+01 1.798595054996238618e+00
5.507699934372711681e+01 1.798595054996238618e+00
5.533308970638904611e+01 5.395785164988563309e+00
5.572084192032234284e+01 7.194380219984649827e+00
5.599029887035268871e+01 -0.000000000000000000e+00
5.658984414138172525e+01 3.597190109992477236e+00
5.658984414138172525e+01 3.597190109992477236e+00
5.678215828119297726e+01 1.798595054996238618e+00
5.730362925129949048e+01 1.798595054996238618e+00
5.785575735576028933e+01 3.597190109992477236e+00
5.894096796561827034e+01 1.798595054996238618e+00
5.939317566718646901e+01 5.395785164988563309e+00
5.955420796428609265e+01 5.395785164988563309e+00
5.955420796428617791e+01 5.395785164988563309e+00
5.980978927017880409e+01 1.798595054996238618e+00
6.035956183751603987e+01 7.194380219984649827e+00
6.161185407977238526e+01 5.395785164988563309e+00
6.257486883932614319e+01 1.798595054996238618e+00
6.279716002334317437e+01 1.798595054996238618e+00
6.334431454859551991e+01 1.798595054996238618e+00
6.338590332683061490e+01 1.798595054996238618e+00
6.389660393889604961e+01 -0.000000000000000000e+00
6.450093636909075201e+01 1.798595054996238618e+00
6.452047127044284025e+01 -0.000000000000000000e+00
6.452841567583151061e+01 5.395785164988563309e+00
6.473764933330899396e+01 7.194380219984649827e+00
6.505625223298648052e+01 1.798595054996177822e+01
6.539894443180288874e+01 5.395785164988410543e+00
6.542914819058326259e+01 5.395785164988563309e+00
6.566341120242692853e+01 1.798595054996238618e+00
6.576547269736192902e+01 7.194380219984649827e+00
6.706987585494178461e+01 1.798595054996238618e+00
6.724671184463669249e+01 3.597190109992477236e+00
6.724671184463676354e+01 3.597190109992477236e+00
6.749990534412390275e+01 1.798595054996238618e+00
6.833880151332506614e+01 -0.000000000000000000e+00
6.833880151332506614e+01 3.597190109992477236e+00
6.964300432668294150e+01 1.798595054996238618e+00
6.964956025284102736e+01 8.992975274980889111e+00
6.967163621900017745e+01 3.597190109992477236e+00
6.967163621900017745e+01 3.597190109992477236e+00
6.998704291741977102e+01 5.395785164988563309e+00
6.998704291741984207e+01 5.395785164988563309e+00
7.009557080581954835e+01 5.395785164988410543e+00
7.148953518028193344e+01 -0.000000000000000000e+00
7.148953518028193344e+01 3.597190109992477236e+00
7.250096551500170960e+01 3.597190109992477236e+00
7.305972082938066592e+01 3.597190109992324913e+00
7.331833184621238786e+01 7.194380219984649827e+00
7.336987832975400181e+01 1.798595054996238618e+00
7.404090988456897549e+01 1.798595054996238618e+00
7.454362235029704209e+01 5.395785164988563309e+00
7.457284355757711580e+01 1.798595054996238618e+00
7.516128073150522937e+01 3.597190109992477236e+00
7.569913180419499099e+01 5.395785164988563309e+00
7.569913180419499099e+01 5.395785164988563309e+00
7.605400650793528428e+01 3.597190109992477236e+00
7.612569564303328207e+01 5.395785164988410543e+00
7.612569564303333891e+01 5.395785164988410543e+00
7.622075562461772336e+01 7.194380219984649827e+00
7.717808974913845077e+01 7.194380219984649827e+00
7.744232357773640274e+01 8.992975274980889111e+00
7.747045142683755614e+01 1.798595054996238618e+00
7.792299117949013976e+01 3.597190109992324913e+00
7.792299117949019660e+01 3.597190109992324913e+00
7.802924054603887782e+01 3.597190109992477236e+00
7.835653095422945569e+01 7.194380219984649827e+00
7.856683007134436991e+01 5.395785164988563309e+00
7.868211957749237229e+01 1.079157032997712662e+01
7.883724643661156506e+01 1.798595054996238618e+00
7.971577079620952588e+01 7.194380219984649827e+00
8.073585771574491332e+01 7.194380219984649827e+00
8.092206166663616784e+01 7.194380219984649827e+00
8.092206166663625311e+01 7.194380219984649827e+00
8.178756199898840862e+01 7.194380219984649827e+00
8.251735515186560121e+01 5.395785164988563309e+00
8.251735515186565806e+01 5.395785164988563309e+00
8.309130480346921388e+01 3.597190109992324913e+00
8.344277241131814549e+01 3.597190109992477236e+00
8.357293331393059077e+01 7.194380219984649827e+00
8.377730833983605407e+01 3.597190109992477236e+00
8.377730833983612513e+01 3.597190109992477236e+00
8.378457484341389261e+01 3.597190109992477236e+00
8.437281713978508435e+01 7.194380219984649827e+00
8.464562922853447446e+01 7.194380219984649827e+00
8.488476621207267669e+01 7.194380219984649827e+00
8.529845011724911785e+01 5.395785164988563309e+00
8.555114859056070031e+01 5.395785164988563309e+00
8.579955514693378404e+01 8.992975274980889111e+00
8.704227541687716041e+01 7.194380219984649827e+00
8.789334999944705373e+01 7.194380219984649827e+00
8.789334999944711058e+01 7.194380219984649827e+00
8.806326922107332678e+01 7.194380219984649827e+00
8.861166605631423465e+01 3.597190109992477236e+00
8.909584630912127068e+01 1.079157032997712662e+01
8.919285923751866108e+01 8.992975274980889111e+00
8.970292658568388333e+01 3.597190109992477236e+00
8.970292658568388333e+01 1.079157032997712662e+01
9.019699854958922458e+01 7.194380219984649827e+00
9.019699854958929564e+01 7.194380219984649827e+00
9.102192376699281340e+01 7.194380219984649827e+00
9.105362609888413772e+01 7.194380219984649827e+00
9.193178280550677073e+01 7.194380219984649827e+00
9.321924832354353896e+01 1.798595054996177822e+01
9.413935198304703533e+01 1.079157032997697385e+01
9.451005058823000127e+01 1.079157032997712662e+01
9.539974343733138085e+01 1.259016538497321136e+01
9.552501580474029197e+01 1.259016538497321136e+01
9.553767633355150224e+01 7.194380219984649827e+00
9.571756756568603919e+01 1.079157032997712662e+01
9.572604761883377478e+01 7.194380219984649827e+00
9.577314506842436970e+01 3.597190109992477236e+00
9.577314506842436970e+01 1.079157032997712662e+01
9.609307077125708929e+01 8.992975274980889111e+00
9.636578565386258788e+01 1.079157032997712662e+01
9.650056713357194837e+01 1.079157032997712662e+01
9.758755172417934887e+01 1.798595054996238618e+00
9.849157294609300095e+01 1.259016538497305859e+01
9.904584806603833158e+01 1.079157032997712662e+01
9.962941784012132018e+01 7.194380219984649827e+00
9.994047163211152451e+01 1.079157032997697385e+01
1.001901911524669089e+02 8.992975274980889111e+00
1.002160124756439785e+02 1.259016538497305859e+01
1.007953241242817199e+02 1.259016538497321136e+01
1.014364651936575399e+02 7.194380219984649827e+00
1.016543589098869518e+02 8.992975274980889111e+00
1.017814036612522983e+02 1.259016538497321136e+01
1.022344524987354362e+02 1.618735549496553716e+01
1.032327540327084137e+02 1.079157032997712662e+01
1.039245898549800415e+02 1.618735549496553716e+01
1.042274361191387300e+02 1.259016538497321136e+01
1.053887848275334704e+02 1.259016538497321136e+01
1.055430093591125029e+02 1.259016538497321136e+01
1.058861689797209067e+02 1.079157032997697385e+01
1.067398802353692702e+02 1.438876043996929965e+01
1.072992981437306952e+02 7.194380219984649827e+00
1.077799664392039460e+02 7.194380219984649827e+00
1.080914499926921053e+02 1.798595054996177822e+01
1.086525863644018273e+02 7.194380219984649827e+00
1.087514482725027563e+02 1.259016538497321136e+01
1.091848222222966740e+02 7.194380219984649827e+00
1.099774977693183757e+02 1.798595054996238618e+00
1.099774977693184894e+02 2.338173571495018521e+01
1.100117470751652888e+02 1.079157032997712662e+01
1.101539986874542763e+02 1.438876043996929965e+01
1.103900229902243950e+02 1.259016538497321136e+01
1.106661794127781917e+02 7.194380219984649827e+00
1.111448488252552949e+02 1.259016538497321136e+01
1.114416838406445152e+02 1.079157032997712662e+01
1.119534114051347728e+02 1.079157032997697385e+01
1.120152128245448182e+02 3.597190109992324913e+00
1.126200331859039210e+02 1.618735549496553716e+01
1.128335815677232290e+02 1.259016538497321136e+01
1.133224616948744909e+02 5.395785164988563309e+00
1.138686778987961929e+02 3.597190109992324913e+00
1.139307514167303026e+02 7.194380219984649827e+00
1.150003683712210716e+02 1.259016538497305859e+01
1.150150632429988491e+02 1.438876043996929965e+01
1.150646144974587202e+02 1.438876043996929965e+01
1.151707471276842796e+02 1.259016538497321136e+01
1.159220395140863218e+02 1.798595054996238618e+00
1.159220395140863360e+02 1.798595054996238618e+00
1.165099730644587908e+02 7.194380219984649827e+00
1.172308202738296785e+02 1.079157032997697385e+01
1.175075998809577982e+02 1.259016538497321136e+01
1.187863513343729949e+02 7.194380219984649827e+00
1.190342178503229036e+02 8.992975274980889111e+00
1.190342178503229036e+02 8.992975274980889111e+00
1.191084159285722848e+02 1.798595054996177822e+01
1.200523482625990397e+02 1.798595054996177822e+01
1.203980640895026824e+02 8.992975274980889111e+00
1.211783777425582258e+02 8.992975274980889111e+00
1.220217909218662840e+02 7.194380219984649827e+00
1.220217909218663408e+02 7.194380219984649827e+00
1.226634075465926230e+02 1.618735549496553716e+01
1.230902500466391700e+02 8.992975274980889111e+00
1.234015164742817205e+02 1.259016538497321136e+01
1.236730580906730808e+02 8.992975274980889111e+00
1.238881572918210310e+02 7.194380219984649827e+00
1.240512140627551219e+02 7.194380219984649827e+00
1.242152001643587340e+02 8.992975274980889111e+00
1.246716189052824006e+02 7.194380219984649827e+00
1.247541502739081949e+02 1.259016538497321136e+01
1.247541502739082091e+02 1.259016538497321136e+01
1.251641586169772893e+02 1.259016538497321136e+01
1.251819692735619043e+02 8.992975274980889111e+00
1.256659625097542090e+02 1.798595054996238618e+00
1.264165306850009216e+02 1.438876043996929965e+01
1.277366794248217445e+02 3.597190109992324913e+00
1.280514945110011809e+02 1.259016538497321136e+01
1.296701295243601919e+02 1.259016538497321136e+01
1.296701295243601919e+02 1.259016538497321136e+01
1.297380792629108726e+02 1.798595054996238618e+00
1.299433859594640239e+02 1.259016538497321136e+01
1.299433859594640808e+02 1.259016538497321136e+01
1.313268224048539423e+02 1.079157032997712662e+01
1.314297974345193154e+02 1.079157032997697385e+01
1.315652877598525947e+02 1.798595054996238618e+00
1.317504020232859432e+02 1.079157032997712662e+01
1.322823874907829520e+02 1.438876043996929965e+01
1.324114820277135891e+02 1.259016538497305859e+01
1.324757707151759973e+02 1.798595054996238618e+00
1.336013096671128721e+02 1.618735549496553716e+01
1.352954978243838582e+02 1.259016538497321136e+01
1.364911722515007000e+02 2.158314065995394770e+01
1.371328654096808464e+02 7.194380219984649827e+00
1.375675048332815606e+02 1.259016538497321136e+01
1.382534754824765173e+02 1.079157032997712662e+01
1.391646533951694948e+02 1.618735549496553716e+01
1.392860086533659683e+02 1.079157032997712662e+01
1.396751138001455104e+02 7.194380219984649827e+00
1.399740858348396841e+02 7.194380219984649827e+00
1.411639495302550529e+02 1.259016538497321136e+01
1.412884824671170918e+02 2.338173571495018521e+01
1.421136243604561287e+02 1.438876043996929965e+01
1.421430230189418182e+02 1.079157032997697385e+01
1.430125282977605252e+02 7.194380219984649827e+00
1.436597176026366185e+02 1.259016538497321136e+01
1.438501129306244479e+02 4.496487637490428568e+01
1.456301416191757312e+02 1.798595054996177822e+01
1.457698541861430783e+02 8.992975274980889111e+00
1.467810730467043356e+02 8.992975274980889111e+00
1.470517839738812995e+02 1.079157032997697385e+01
1.476848895586008439e+02 1.259016538497321136e+01
1.479991256448936383e+02 7.194380219984649827e+00
1.480043222384445301e+02 1.259016538497321136e+01
1.485998809974290111e+02 8.992975274980889111e+00
1.496427952899407217e+02 5.395785164988410543e+00
1.499935220605895552e+02 1.079157032997712662e+01
1.503225614630105440e+02 7.194380219984649827e+00
1.521080130158706822e+02 1.798595054996177822e+01
1.521546977904862956e+02 1.259016538497321136e+01
1.526444742626613618e+02 1.259016538497321136e+01
1.537120598167938681e+02 1.259016538497321136e+01
1.549060887439339353e+02 8.992975274980889111e+00
1.564407037868916746e+02 7.194380219984649827e+00
1.576744928732232438e+02 3.597190109992324913e+00
1.577439052659452727e+02 1.438876043996945242e+01
1.580633973569359512e+02 1.618735549496553716e+01
1.580633973569360364e+02 1.618735549496553716e+01
1.587310382051246620e+02 1.079157032997712662e+01
1.596313732866928774e+02 1.259016538497321136e+01
1.605174604806401248e+02 1.798595054996238618e+00
1.609452194386578299e+02 7.194380219984649827e+00
1.627837003243065510e+02 1.438876043996945242e+01
1.631917444656172052e+02 1.438876043996945242e+01
1.633170058852865623e+02 1.079157032997697385e+01
1.645871932782135616e+02 8.992975274980889111e+00
1.650614182572861921e+02 1.079157032997712662e+01
1.650614182572861921e+02 1.079157032997712662e+01
1.663667604041141885e+02 8.992975274980889111e+00
1.666160180266698490e+02 8.992975274980889111e+00
1.673880286880023505e+02 2.518033076994642272e+01
1.679637733765468681e+02 1.079157032997712662e+01
1.683039236589988548e+02 1.259016538497321136e+01
1.688936518094548660e+02 1.259016538497321136e+01
1.690607753227625096e+02 3.597190109992324913e+00
1.706163672543979146e+02 1.259016538497321136e+01
1.706813916450510646e+02 1.618735549496553716e+01
1.706915736137614203e+02 7.194380219984649827e+00
1.724552900728334919e+02 2.338173571495018521e+01
1.732715437554436164e+02 1.079157032997712662e+01
1.734693017637651167e+02 -0.000000000000000000e+00
1.738802636094145839e+02 1.079157032997712662e+01
1.741643324372278414e+02 1.798595054996238618e+00
1.756347307514133433e+02 1.259016538497305859e+01
1.756693898673244973e+02 8.992975274980889111e+00
1.771375596335132627e+02 1.438876043996945242e+01
1.771730679786373912e+02 1.978454560495786296e+01
1.778850436172400862e+02 1.798595054996177822e+01
1.782969701055921234e+02 8.992975274980889111e+00
1.787133819532869836e+02 5.395785164988410543e+00
1.789825015098218159e+02 2.518033076994642272e+01
1.794058531713677951e+02 1.798595054996177822e+01
1.795417075790951458e+02 1.259016538497321136e+01
1.803229251626738403e+02 3.597190109992477236e+00
1.804180174343698013e+02 1.798595054996177822e+01
1.806573195572399300e+02 1.438876043996929965e+01
1.811568027820182181e+02 8.992975274980889111e+00
1.812146856189725384e+02 8.992975274980889111e+00
1.820119742127293136e+02 1.798595054996177822e+01
1.828096377454583035e+02 3.597190109992477236e+00
1.833986244130488501e+02 1.618735549496553716e+01
1.834566141066025864e+02 2.338173571495018521e+01
1.838635656110132857e+02 1.438876043996945242e+01
1.841803137836070334e+02 1.798595054996238618e+00
1.842380728092429649e+02 8.992975274980889111e+00
1.850125763693853571e+02 1.079157032997712662e+01
1.851640296954971348e+02 1.259016538497321136e+01
1.855538227512198262e+02 2.338173571495018521e+01
1.856608935438098342e+02 1.259016538497321136e+01
1.859848267254255063e+02 1.798595054996238618e+00
1.867068329710722878e+02 1.978454560495786296e+01
1.875220197118456440e+02 1.259016538497321136e+01
1.879186601129517271e+02 7.194380219984649827e+00
1.883914800700296723e+02 1.259016538497321136e+01
1.886992406903650306e+02 1.259016538497321136e+01
1.887500025740823446e+02 5.395785164988563309e+00
1.890201011764600025e+02 1.798595054996177822e+01
1.902568806236378975e+02 1.798595054996177822e+01
1.903060328161953407e+02 1.259016538497321136e+01
1.907215417165771214e+02 2.518033076994642272e+01
1.910279366256717992e+02 2.338173571495018521e+01
1.910957960284829653e+02 1.079157032997712662e+01
1.917656068834477594e+02 3.597190109992477236e+00
1.918986817759067947e+02 8.992975274980889111e+00
1.922611455423878795e+02 1.978454560495786296e+01
1.929313975485740684e+02 7.194380219984649827e+00
1.939145472728590107e+02 1.259016538497321136e+01
1.940509739061339758e+02 1.798595054996177822e+01
1.947247322264685749e+02 1.079157032997712662e+01
1.950850659267234448e+02 2.158314065995394770e+01
1.950850659267235017e+02 2.158314065995394770e+01
1.957327598704165439e+02 1.438876043996929965e+01
1.958445842445915730e+02 1.798595054996177822e+01
1.963413980340555156e+02 1.259016538497321136e+01
1.963708898045348121e+02 2.518033076994642272e+01
1.963994985935804038e+02 2.338173571495018521e+01
1.971578647011080534e+02 3.237471098993107432e+01
1.986369208358387368e+02 8.992975274980889111e+00
1.989758926201790246e+02 1.259016538497321136e+01
1.992258191950614901e+02 7.194380219984649827e+00
1.997478441907923354e+02 2.518033076994642272e+01
2.002398788568949897e+02 1.978454560495786296e+01
2.003841151031369066e+02 1.618735549496553716e+01
2.006193890257491432e+02 1.259016538497321136e+01
2.009478869308552760e+02 2.877752087993859931e+01
2.009568121924052662e+02 1.978454560495786296e+01
2.014917000007502281e+02 1.798595054996177822e+01
2.016249059994291315e+02 2.518033076994642272e+01
2.018873691398880226e+02 1.798595054996177822e+01
2.027485358875359225e+02 8.992975274980889111e+00
2.030609921182331448e+02 1.259016538497321136e+01
2.033153354935071491e+02 8.992975274980889111e+00
2.033513004631488741e+02 2.518033076994642272e+01
2.034827822250690872e+02 1.618735549496553716e+01
2.035628073225045966e+02 1.438876043996945242e+01
2.043307440882661297e+02 2.338173571495018521e+01
2.049356973389388656e+02 2.518033076994642272e+01
2.051770967682216735e+02 1.259016538497321136e+01
2.067519801830220842e+02 1.259016538497321136e+01
2.079639758071713231e+02 3.597190109992324913e+00
2.080662463717900152e+02 2.158314065995394770e+01
2.087355982872313120e+02 2.518033076994642272e+01
2.098842585698963603e+02 1.798595054996177822e+01
2.100170598618070414e+02 3.597190109992324913e+00
2.102867124174585740e+02 1.259016538497321136e+01
2.105524286475068720e+02 3.597190109992324913e+00
2.107515731103415533e+02 1.798595054996177822e+01
2.111068524261422397e+02 8.992975274980889111e+00
2.117070073464113023e+02 1.438876043996945242e+01
2.121087885243467781e+02 1.438876043996929965e+01
2.124011859434000371e+02 7.194380219984649827e+00
2.124613686288865892e+02 7.194380219984649827e+00
2.135262793946677959e+02 1.798595054996238618e+00
2.144686055408458856e+02 2.877752087993859931e+01
2.157108309755901132e+02 1.798595054996238618e+00
2.159643713025233183e+02 5.395785164988563309e+00
2.161828999853842390e+02 1.079157032997697385e+01
2.165513622857787936e+02 8.992975274980889111e+00
2.167839779672824818e+02 3.597190109992324913e+00
2.168158535095893740e+02 1.259016538497321136e+01
2.173805874132758049e+02 1.798595054996177822e+01
2.175232725441713058e+02 1.438876043996945242e+01
2.175347004966619977e+02 7.194380219984649827e+00
2.187160751363173006e+02 7.194380219984649827e+00
2.191791624881417988e+02 7.194380219984649827e+00
2.193678484473392984e+02 7.194380219984649827e+00
2.197333749986175917e+02 1.259016538497321136e+01
2.199576011979051486e+02 2.338173571495018521e+01
2.206102760585265798e+02 7.194380219984649827e+00
2.206704863013907527e+02 1.798595054996177822e+01
2.227969931124233653e+02 8.992975274980889111e+00
2.232282479328662248e+02 1.079157032997697385e+01
2.232536481527176591e+02 1.978454560495786296e+01
2.234072377296010075e+02 1.079157032997712662e+01
2.236530222388529694e+02 1.618735549496553716e+01
2.242985561917300856e+02 1.438876043996929965e+01
2.243608786117317209e+02 1.798595054996238618e+00
2.255236686387561917e+02 1.798595054996177822e+01
2.263085928055835154e+02 8.992975274980889111e+00
2.263341673148910900e+02 7.194380219984649827e+00
2.263593765655271284e+02 1.079157032997697385e+01
2.269380086162978216e+02 1.798595054996238618e+00
2.277373557975923006e+02 1.798595054996177822e+01
2.287908579784993321e+02 7.194380219984649827e+00
2.307109525909636147e+02 1.259016538497321136e+01
2.316636017521984456e+02 7.194380219984649827e+00
2.317344642879108108e+02 1.618735549496553716e+01
2.319013603628038140e+02 1.079157032997712662e+01
2.329399073611153028e+02 1.259016538497321136e+01
2.350214166343826605e+02 1.798595054996238618e+00
2.351860403957346932e+02 7.194380219984649827e+00
2.352222775235274810e+02 1.798595054996177822e+01
2.356338155378008992e+02 1.618735549496553716e+01
2.369255136192524560e+02 3.597190109992324913e+00
2.385333627107507937e+02 5.395785164988563309e+00
2.392715154846380301e+02 5.395785164988563309e+00
2.401411715972743934e+02 1.438876043996945242e+01
2.404662281857272319e+02 8.992975274980889111e+00
2.406501947259543783e+02 7.194380219984649827e+00
2.414921956416539217e+02 1.259016538497321136e+01
2.451181898158012018e+02 7.194380219984649827e+00
2.461805000932783969e+02 7.194380219984649827e+00
2.473118194917270216e+02 1.798595054996238618e+00
2.474598109604549450e+02 -0.000000000000000000e+00
2.492879328102825696e+02 8.992975274980889111e+00
2.501359864218067344e+02 1.259016538497305859e+01
2.514074970028638347e+02 2.877752087993874852e+01
2.517837637013271319e+02 7.194380219984649827e+00
2.528065731789164090e+02 2.518033076994642272e+01
2.546749436251514851e+02 5.395785164988563309e+00
2.561029890220024186e+02 2.158314065995394770e+01
2.563592764989410853e+02 1.798595054996238618e+00
2.568183806796375279e+02 1.618735549496553716e+01
2.590343488568234989e+02 1.438876043996929965e+01
2.597873744028537430e+02 3.237471098993107432e+01
2.599397377094624062e+02 1.798595054996238618e+00
2.619176934201610152e+02 4.496487637490413647e+01
2.628595948690386308e+02 7.194380219984649827e+00
2.644871651263095487e+02 2.158314065995410047e+01
2.653362023776685987e+02 8.992975274980889111e+00
2.656514130584122881e+02 1.798595054996177822e+01
2.658349981689427750e+02 7.194380219984649827e+00
2.677491108974215308e+02 7.194380219984649827e+00
2.677620360413292815e+02 1.798595054996238618e+00
2.685453339155560002e+02 8.992975274980889111e+00
2.692746207091822725e+02 3.057611593493483682e+01
2.700388476292081350e+02 -0.000000000000000000e+00
2.708515620335585936e+02 1.798595054996177822e+01
2.710713757990861268e+02 2.338173571495018521e+01
2.716887969115879855e+02 3.417330604492730828e+01
2.717892598701592988e+02 8.992975274980889111e+00
2.741243314630769987e+02 2.158314065995394770e+01
2.744886747679261703e+02 4.676347142990037042e+01
2.750505298636195448e+02 2.518033076994642272e+01
2.755104555147287897e+02 2.338173571495018521e+01
2.793425795871447690e+02 2.158314065995394770e+01
2.796546494712741264e+02 2.338173571495018521e+01
2.811535328537222540e+02 1.798595054996177822e+01
2.811705592505220466e+02 4.676347142990037042e+01
2.812640275753830110e+02 4.496487637490413647e+01
2.818749503417629967e+02 1.978454560495786296e+01
2.829198526134707095e+02 1.798595054996238618e+00
2.840823543239939681e+02 3.956909120991572593e+01
2.843634148229725724e+02 1.798595054996238618e+00
2.860250565955208799e+02 1.079157032997712662e+01
2.863999854521342172e+02 1.798595054996177822e+01
2.878929182474824984e+02 4.316628131990789541e+01
2.912698910491297397e+02 1.798595054996238618e+00
2.914441767960315133e+02 3.956909120991572593e+01
2.915788529814890921e+02 1.798595054996238618e+00
2.930770506845742034e+02 -0.000000000000000000e+00
2.948648701389841449e+02 4.316628131990789541e+01
2.970512002390078123e+02 3.597190109992324913e+00
2.972382088475191608e+02 5.575644670488125598e+01
2.976592628772491480e+02 1.798595054996238618e+00
2.979058040207731892e+02 5.395785164988563309e+00
2.990853615026989587e+02 1.798595054996238618e+00
3.008114603555474673e+02 1.079157032997712662e+01
3.015365586688060944e+02 2.338173571495018521e+01
3.022862607924921576e+02 5.395785164988563309e+00
3.045833721532175673e+02 1.259016538497321136e+01
3.064930334212150456e+02 1.798595054996177822e+01
3.081364944448476990e+02 3.956909120991572593e+01
3.081451653175179786e+02 3.597190109992340012e+01
3.084738287464322184e+02 1.798595054996177822e+01
3.103368734262071484e+02 1.259016538497321136e+01
3.105434020750308264e+02 1.618735549496553716e+01
3.106966354941466761e+02 1.798595054996177822e+01
3.121169621841556818e+02 -0.000000000000000000e+00
3.121169621841556818e+02 3.597190109992340012e+01
3.124784024040870349e+02 1.978454560495786296e+01
3.129069311552941599e+02 1.798595054996177822e+01
3.143008861622702739e+02 5.395785164988563309e+00
3.147284783099694891e+02 3.597190109992477236e+00
3.149995582725783834e+02 1.798595054996177822e+01
3.155486598026507750e+02 8.992975274980889111e+00
3.155486598026507750e+02 2.697892582494251101e+01
3.164469056412503392e+02 7.194380219984649827e+00
3.164690421119469761e+02 1.079157032997697385e+01
3.166290280773375798e+02 1.259016538497321136e+01
3.173089980488750257e+02 1.798595054996177822e+01
3.177899371969363642e+02 3.597190109992477236e+00
3.202548439742664073e+02 1.798595054996238618e+00
3.218277923254955795e+02 1.798595054996177822e+01
3.224780919575159714e+02 7.194380219984649827e+00
3.227444522350052694e+02 1.259016538497321136e+01
3.244131736709491634e+02 1.438876043996929965e+01
3.248018679376362456e+02 1.618735549496553716e+01
3.281429137440973705e+02 1.618735549496553716e+01
3.292953869324400102e+02 1.259016538497321136e+01
3.296567424609011141e+02 1.259016538497321136e+01
3.299324933079552125e+02 1.259016538497321136e+01
3.322195296201457495e+02 -0.000000000000000000e+00
3.339088348658693803e+02 3.597190109992324913e+00
3.347952858305671953e+02 7.194380219984802594e+00
3.363089301488357137e+02 2.877752087993874852e+01
3.385671295107214860e+02 7.194380219984802594e+00
3.387022293214151318e+02 3.597190109992477236e+00
3.388484160248115131e+02 2.338173571495018521e+01
3.398036099182579051e+02 5.395785164988563309e+00
3.422567081369160178e+02 1.259016538497321136e+01
3.428469519895264739e+02 8.992975274980889111e+00
3.435402234354644406e+02 2.158314065995410047e+01
3.446672134077595047e+02 1.798595054996177822e+01
3.451145765453253489e+02 1.259016538497321136e+01
3.465573486684884870e+02 7.194380219984649827e+00
3.489015073320600209e+02 5.395785164988563309e+00
3.500336492362876584e+02 1.079157032997697385e+01
3.510993051175377673e+02 8.992975274980889111e+00
3.513092921955263250e+02 1.798595054996238618e+00
3.535634103243327218e+02 3.956909120991572593e+01
3.535955506629206866e+02 1.438876043996929965e+01
3.563590540031187857e+02 1.798595054996177822e+01
3.565889960978946647e+02 -0.000000000000000000e+00
3.571310627989998352e+02 1.798595054996177822e+01
3.573191220643761312e+02 5.395785164988563309e+00
3.588500328534590835e+02 3.237471098993107432e+01
3.613346661740506534e+02 7.194380219984649827e+00
3.636921198975033462e+02 1.618735549496553716e+01
3.641864659693889053e+02 1.798595054996238618e+00
3.642337420039630160e+02 2.158314065995410047e+01
3.652721193046501185e+02 2.518033076994642272e+01
3.691223786218616283e+02 -0.000000000000000000e+00
3.721000445551478606e+02 1.798595054996238618e+00
3.756562270833770185e+02 6.115223186986967363e+01
3.757785208749104413e+02 1.259016538497321136e+01
3.775148578736298646e+02 1.259016538497321136e+01
3.777096891389131201e+02 5.395785164988563309e+00
3.777274404273436517e+02 2.338173571495018521e+01
3.795764918984521046e+02 3.237471098993107432e+01
3.798098388176279627e+02 7.194380219984649827e+00
3.799306397341643446e+02 1.798595054996238618e+00
3.807674527613212945e+02 1.798595054996177822e+01
3.808539478585726101e+02 1.438876043996945242e+01
3.816747574790887256e+02 3.597190109992324381e+01
3.817401072455220969e+02 4.496487637490413647e+01
3.846503361649208728e+02 2.158314065995410047e+01
3.858235165616841869e+02 1.978454560495786296e+01
3.906127663462590363e+02 2.697892582494266023e+01
3.910242499805418106e+02 2.158314065995410047e+01
3.911017594672291011e+02 2.338173571495018521e+01
3.942169057213143333e+02 3.237471098993107432e+01
4.015826320441437929e+02 3.597190109992340012e+01
4.024192551296505371e+02 1.798595054996177822e+01
4.032718131560403094e+02 3.417330604492715906e+01
4.034675961825585091e+02 3.237471098993107432e+01
4.041690244648232806e+02 2.338173571495018521e+01
4.080107792522346699e+02 6.115223186986967363e+01
4.084730183215231705e+02 1.259016538497321136e+01
4.086614881765323162e+02 2.877752087993874852e+01
4.094595113650874509e+02 1.618735549496553716e+01
4.122634983945904423e+02 7.194380219984649827e+00
4.151081040630334655e+02 4.856206648489661148e+01
4.151747672749418712e+02 1.978454560495786296e+01
4.151762268081474190e+02 3.777049615491948487e+01
4.188360775897596682e+02 1.259016538497321136e+01
4.202764390791666074e+02 1.618735549496553716e+01
4.216691777118291498e+02 3.777049615491948487e+01
4.225825927969573854e+02 4.496487637490413647e+01
4.257576105069218784e+02 4.136768626491181067e+01
4.296799003091788336e+02 4.316628131990789541e+01
4.308436027937154336e+02 4.136768626491181067e+01
4.319007774800232369e+02 1.798595054996177822e+01
4.350694009933239386e+02 3.956909120991572593e+01
4.358685003318303757e+02 1.618735549496553716e+01
4.373801886634299763e+02 1.798595054996177822e+01
4.402702080656597445e+02 3.956909120991572593e+01
4.404296966794400419e+02 7.194380219984649827e+00
4.440406736004041477e+02 2.338173571495018521e+01
4.447394051964380424e+02 3.597190109992477236e+00
4.467390822448370500e+02 5.395785164988563309e+00
4.479746267421884340e+02 -0.000000000000000000e+00
