# data from file /Users/tpaneque/Documents/MAPS/as209/AS_209_CO_220GHz.robust_0.5.JvMcorr.image.fits
# parameters used:
# PA: 85.8
# inc: 35.0
# dist: 121.0 
# vsys: 4.6
# r[au] h[au]
2.959206515662201387e+00 5.634913182508174856e+00
5.057746966798564614e+00 5.634913182508174856e+00
7.891217375099063069e+00 1.408728295627043714e+00
8.893548945099913894e+00 1.408728295627043714e+00
9.864021718873807743e+00 4.226184886881251046e+00
9.864021718873807743e+00 4.226184886881251046e+00
1.011549393359707949e+01 9.861098069389424126e+00
1.183682606264863679e+01 1.408728295627043714e+00
1.252734418842319997e+01 1.408728295627043714e+00
1.282322823453600869e+01 -0.000000000000000000e+00
1.346324936754957058e+01 -0.000000000000000000e+00
1.346324936754957058e+01 8.452369773762381300e+00
1.522270629902230610e+01 2.817456591254087428e+00
1.606242499354636522e+01 1.408728295627163396e+00
1.691798406340795324e+01 5.634913182508174856e+00
1.778709789019997345e+01 7.043641478135338474e+00
1.822285423477812571e+01 9.861098069389424126e+00
1.874164126586032708e+01 1.690473954752476260e+01
1.924415991044653751e+01 5.634913182508174856e+00
2.079925485011188258e+01 5.634913182508414664e+00
2.079925485011188258e+01 5.634913182508414664e+00
2.111663226209028110e+01 1.408728295627067695e+01
2.136565708310777012e+01 1.408728295627163396e+00
2.227967373248142735e+01 5.634913182508293872e+00
2.276549286726339361e+01 4.226184886881251046e+00
2.494678145647677070e+01 4.226184886881251046e+00
2.499884355561107085e+01 1.126982636501647050e+01
2.598872606826638787e+01 2.817456591254087428e+00
2.642481174501896390e+01 5.634913182508293872e+00
2.642481174501896390e+01 5.634913182508293872e+00
2.668064683529981806e+01 1.408728295627163396e+00
2.668064683529981806e+01 1.408728295627163396e+00
2.755963331651024006e+01 2.817456591254087428e+00
2.880319815219746360e+01 1.408728295627163396e+00
2.880319815219746360e+01 1.408728295627163396e+00
2.881178877750117451e+01 4.226184886881251046e+00
2.914937025666410975e+01 5.634913182508293872e+00
2.961926225930109524e+01 2.817456591254087428e+00
3.058281935816347641e+01 5.634913182508293872e+00
3.058281935816347641e+01 5.634913182508293872e+00
3.113999141612911714e+01 5.634913182508174856e+00
3.113999141612911714e+01 5.634913182508174856e+00
3.128085002416796456e+01 5.634913182508174856e+00
3.132154744573060512e+01 1.408728295627163396e+00
3.216750999558625068e+01 5.634913182508293872e+00
3.261344188043237580e+01 1.408728295627043714e+00
3.296145892949964917e+01 1.126982636501658774e+01
3.297675505020698949e+01 5.634913182508174856e+00
3.383596812681575727e+01 9.861098069389424126e+00
3.483932720851111497e+01 8.452369773762381300e+00
3.519774828368647945e+01 5.634913182508174856e+00
3.519774828368647945e+01 5.634913182508174856e+00
3.540422876758984927e+01 5.634913182508293872e+00
3.554435499234180185e+01 9.861098069389424126e+00
3.557419578039980479e+01 9.861098069389424126e+00
3.681901945470915649e+01 8.452369773762262284e+00
3.681901945470915649e+01 8.452369773762262284e+00
3.699302650837940121e+01 7.043641478135338474e+00
3.758203256526959279e+01 1.408728295626923810e+00
3.784824217388959511e+01 8.452369773762381300e+00
3.846968470360810954e+01 1.408728295627067695e+01
3.849820628462195771e+01 9.861098069389424126e+00
3.868773116083239927e+01 1.408728295627067695e+01
3.925179112553079364e+01 8.452369773762262284e+00
3.925179112553079364e+01 8.452369773762262284e+00
3.934026524843791606e+01 7.043641478135338474e+00
4.001505585208084881e+01 1.126982636501658774e+01
4.064995475428607818e+01 1.408728295627067695e+01
4.123180177905200594e+01 9.861098069389424126e+00
4.126609413379186719e+01 1.408728295627067695e+01
4.126609413379186719e+01 1.408728295627067695e+01
4.142889121927022700e+01 1.831346784315180898e+01
4.159850970022376515e+01 7.043641478135338474e+00
4.164697353710882055e+01 9.861098069389424126e+00
4.185608310969011825e+01 9.861098069389424126e+00
4.186430228064891423e+01 8.452369773762381300e+00
4.186430228064891423e+01 8.452369773762381300e+00
4.194536710858535145e+01 8.452369773762262284e+00
4.239778611159080413e+01 1.408728295627067695e+01
4.340456710066487744e+01 5.634913182508174856e+00
4.418619689014171570e+01 9.861098069389424126e+00
4.418619689014176544e+01 9.861098069389424126e+00
4.439430451469774397e+01 1.126982636501647050e+01
4.484034914844451691e+01 9.861098069389544918e+00
4.490303979104189835e+01 5.634913182508293872e+00
4.490303979104191967e+01 1.408728295627067695e+01
4.509588933728271343e+01 1.126982636501658774e+01
4.547790158201163990e+01 1.126982636501658774e+01
4.553098573452695774e+01 9.861098069389424126e+00
4.622716254653419554e+01 9.861098069389424126e+00
4.650207773775556319e+01 7.043641478135338474e+00
4.687324853507315936e+01 1.408728295627067695e+01
4.692020079090283247e+01 7.043641478135338474e+00
4.701340609224556744e+01 1.267855466064351333e+01
4.711321091693431384e+01 8.452369773762502092e+00
4.731201026840178514e+01 9.861098069389424126e+00
4.793515056369707850e+01 8.452369773762262284e+00
4.857033026427429689e+01 9.861098069389424126e+00
4.879706906403249889e+01 7.043641478135338474e+00
4.903791957107872435e+01 8.452369773762502092e+00
4.979400336626441259e+01 1.267855466064351333e+01
4.981692628749230067e+01 9.861098069389544918e+00
5.010937675369279987e+01 9.861098069389424126e+00
5.040559676634563147e+01 9.861098069389424126e+00
5.056329020718150247e+01 1.408728295627067695e+01
5.057746966798539745e+01 9.861098069389424126e+00
5.116085204473176873e+01 8.452369773762262284e+00
5.122235895134272710e+01 9.861098069389424126e+00
5.175645954235380231e+01 9.861098069389424126e+00
5.207998267788040891e+01 5.634913182508414664e+00
5.250471127413462114e+01 2.817456591254087428e+00
5.290099819818691174e+01 1.267855466064351333e+01
5.362636281567689878e+01 1.126982636501658774e+01
5.369559013091571842e+01 7.043641478135338474e+00
5.395722715957750637e+01 9.861098069389424126e+00
5.403257153727059148e+01 1.549601125189771977e+01
5.403257153727064122e+01 1.267855466064363235e+01
5.423843304278145183e+01 2.817456591254087428e+00
5.423843304278145183e+01 2.817456591254087428e+00
5.425211945380623746e+01 8.452369773762262284e+00
5.425296470165318397e+01 9.861098069389424126e+00
5.440695145298882807e+01 8.452369773762262284e+00
5.466856270433412845e+01 1.408728295627043714e+00
5.486882603028199412e+01 8.452369773762262284e+00
5.486882603028199412e+01 8.452369773762262284e+00
5.505233916507565795e+01 1.690473954752476260e+01
5.511926663302032381e+01 9.861098069389424126e+00
5.596383590315949164e+01 1.408728295627055616e+01
5.621803633527699162e+01 1.267855466064351333e+01
5.659248520777853031e+01 9.861098069389424126e+00
5.667869868014984291e+01 -0.000000000000000000e+00
5.691373216815859593e+01 1.549601125189771977e+01
5.706876789868236699e+01 1.408728295627163396e+00
5.741677545502792412e+01 9.861098069389424126e+00
5.760195342286520059e+01 1.408728295627067695e+01
5.762357755500243428e+01 1.408728295627043714e+00
5.792336474332966390e+01 5.634913182508174856e+00
5.841983269331838358e+01 1.126982636501647050e+01
5.849428379933895883e+01 1.267855466064351333e+01
5.874825594851387223e+01 1.126982636501647050e+01
5.878208975013840387e+01 7.043641478135338474e+00
5.892276131375533765e+01 1.408728295627043714e+00
5.923852451860204127e+01 9.861098069389424126e+00
5.926271371575123936e+01 1.408728295627067695e+01
5.948437333800836768e+01 5.634913182508293872e+00
5.956019926498260730e+01 1.267855466064351333e+01
5.956019926498265704e+01 1.267855466064351333e+01
6.046617219289085199e+01 1.408728295627067695e+01
6.059114591146298778e+01 1.408728295627067695e+01
6.059114591146304463e+01 1.408728295627067695e+01
6.072716512612334583e+01 2.817456591254087428e+00
6.081844434000505828e+01 1.126982636501647050e+01
6.116563871632695282e+01 1.267855466064351333e+01
6.190091565828180364e+01 1.408728295627067695e+01
6.196434689100706805e+01 9.861098069389424126e+00
6.227855339849031679e+01 5.634913182508174856e+00
6.227998283225817033e+01 4.226184886881131142e+00
6.356957219448400309e+01 8.452369773762381300e+00
6.370429098541254831e+01 1.408728295627067695e+01
6.370429098541259805e+01 1.408728295627067695e+01
6.398857151328279258e+01 1.267855466064351333e+01
6.399892798928420490e+01 5.634913182508174856e+00
6.401177217432795885e+01 4.226184886881131142e+00
6.414719970148836126e+01 9.861098069389424126e+00
6.461626401341989379e+01 1.690473954752476260e+01
6.500887187104356713e+01 8.452369773762381300e+00
6.505787650249504850e+01 1.126982636501658774e+01
6.561735101817643567e+01 1.408728295627043714e+00
6.611988520143681569e+01 1.690473954752476260e+01
6.637741691082725026e+01 4.226184886881131142e+00
6.644935594989775041e+01 5.634913182508174856e+00
6.681096643662479551e+01 1.408728295627067695e+01
6.681096643662482393e+01 1.408728295627067695e+01
6.692409296658179585e+01 1.408728295627067695e+01
6.744035389036827155e+01 1.267855466064351333e+01
6.756139292788500939e+01 9.861098069389544918e+00
6.804047991345439073e+01 1.690473954752476260e+01
6.813439962684026341e+01 1.690473954752476260e+01
6.898397600994813672e+01 1.690473954752476260e+01
6.898397600994815093e+01 1.126982636501647050e+01
6.980636561284238439e+01 9.861098069389424126e+00
7.007248626877779429e+01 2.113092443440601542e+01
7.010732472047874353e+01 1.126982636501647050e+01
7.056191967163717038e+01 8.452369773762262284e+00
7.059198945310848217e+01 1.690473954752476260e+01
7.114839156079953852e+01 1.267855466064363235e+01
7.193066940741476856e+01 2.253965273003305825e+01
7.196795450467286059e+01 1.690473954752476260e+01
7.198049602913582135e+01 1.831346784315180898e+01
7.198049602913586398e+01 1.831346784315180898e+01
7.202947194375309437e+01 2.394838102566010107e+01
7.220357718097417887e+01 1.972219613877884825e+01
7.282348308134953641e+01 1.831346784315192622e+01
7.290453226865899694e+01 9.861098069389424126e+00
7.313070450714828041e+01 1.267855466064363235e+01
7.445928034847659660e+01 1.408728295627067695e+01
7.529332601736555830e+01 1.831346784315180898e+01
7.536893217108288923e+01 9.861098069389424126e+00
7.547037557075765335e+01 7.043641478135338474e+00
7.644751798982117919e+01 2.113092443440589463e+01
7.656264273727512659e+01 9.861098069389424126e+00
7.694628819971468658e+01 9.861098069389424126e+00
7.699641256924402910e+01 1.549601125189771977e+01
7.708770084695889580e+01 1.408728295627067695e+01
7.773760189992094638e+01 1.126982636501658774e+01
7.814074362955943798e+01 1.972219613877884825e+01
7.967922503542206414e+01 9.861098069389424126e+00
7.984055156530754971e+01 3.944439227755769650e+01
7.984055156530762076e+01 2.253965273003305825e+01
8.002150187289335292e+01 8.452369773762381300e+00
8.011797695846627221e+01 1.549601125189771977e+01
8.011797695846628642e+01 2.113092443440601542e+01
8.027675276893369016e+01 3.803566398193077447e+01
8.031212496773203213e+01 1.267855466064363235e+01
8.039733999701827827e+01 1.126982636501658774e+01
8.083807463088496092e+01 9.861098069389424126e+00
8.137944705247984700e+01 1.831346784315180898e+01
8.183346230480438521e+01 3.803566398193077447e+01
8.304695680102874178e+01 1.972219613877896904e+01
8.371216621938006597e+01 1.549601125189771977e+01
8.371216621938010860e+01 2.113092443440601542e+01
8.389073421717066026e+01 9.861098069389544918e+00
8.401496047844587167e+01 1.267855466064351333e+01
8.428448647401877736e+01 2.676583761691418673e+01
8.491753657831198154e+01 1.690473954752488339e+01
8.622738469652357196e+01 2.535710932128702666e+01
8.641852091748812370e+01 1.408728295627067695e+01
8.647788615910252474e+01 1.831346784315192622e+01
8.674991885675063941e+01 9.861098069389544918e+00
8.690998197208956810e+01 2.253965273003294101e+01
8.706350854811290674e+01 1.267855466064351333e+01
8.755131838145076983e+01 1.690473954752488339e+01
8.767122573335782931e+01 3.240075079942236158e+01
8.820233887005244355e+01 2.253965273003294101e+01
8.824449647512960837e+01 2.535710932128702666e+01
8.864797187698093239e+01 2.253965273003294101e+01
8.885778677790315783e+01 5.634913182508414664e+00
8.920277743961310080e+01 1.831346784315180898e+01
8.930974317590862199e+01 2.253965273003294101e+01
8.957315164955666376e+01 1.408728295627067695e+01
8.981187311422807795e+01 2.253965273003305825e+01
8.985626208881006960e+01 8.452369773762381300e+00
9.004508825424700547e+01 1.690473954752476260e+01
9.019177867456529896e+01 1.831346784315192622e+01
9.019558337066993658e+01 1.267855466064351333e+01
9.029466476202793501e+01 1.690473954752488339e+01
9.045531486467650950e+01 1.549601125189771977e+01
9.050687819971130921e+01 2.253965273003305825e+01
9.060616486930682356e+01 2.253965273003294101e+01
9.199578890614054671e+01 7.043641478135338474e+00
9.244057470317807201e+01 1.831346784315192622e+01
9.244057470317812886e+01 1.831346784315192622e+01
9.280186440830949834e+01 1.408728295627067695e+01
9.300415547551097006e+01 1.831346784315192622e+01
9.361039399464178246e+01 1.831346784315180898e+01
9.406099822295588808e+01 1.549601125189771977e+01
9.443235943395875154e+01 7.043641478135338474e+00
9.474240450266367475e+01 1.549601125189771977e+01
9.495641521468658652e+01 1.690473954752476260e+01
9.496278479305175324e+01 2.113092443440601542e+01
9.521312585722641586e+01 1.690473954752476260e+01
9.523541254546663026e+01 1.408728295627067695e+01
9.539627136488086023e+01 1.831346784315192622e+01
9.571851222668155401e+01 2.676583761691418673e+01
9.600599562336340398e+01 1.831346784315180898e+01
9.603203323960539706e+01 1.690473954752476260e+01
9.688997062977692565e+01 1.831346784315192622e+01
9.689911209646788848e+01 1.408728295627067695e+01
9.714066052854846589e+01 1.267855466064363235e+01
9.722391198976698945e+01 1.690473954752476260e+01
9.744744130421844375e+01 1.831346784315180898e+01
9.784032564129722687e+01 1.831346784315192622e+01
9.785424534922819362e+01 1.690473954752476260e+01
9.804984000488656193e+01 1.831346784315180898e+01
9.804984000488656193e+01 1.831346784315180898e+01
9.835066312109459830e+01 1.690473954752476260e+01
9.843416648474132558e+01 1.831346784315192622e+01
9.851418339401756441e+01 1.831346784315180898e+01
9.851418339401757862e+01 9.861098069389424126e+00
9.853248910732183674e+01 1.831346784315192622e+01
9.870531824485507855e+01 1.408728295627067695e+01
9.879532502007873518e+01 1.690473954752476260e+01
9.879532502007873518e+01 1.972219613877884825e+01
9.888437678849901147e+01 2.253965273003305825e+01
9.888560608305813560e+01 1.408728295627067695e+01
9.936340670508192829e+01 1.690473954752476260e+01
9.963385257498451608e+01 1.267855466064351333e+01
9.989608080968277193e+01 1.126982636501647050e+01
9.989608080968288562e+01 1.690473954752476260e+01
9.989608080968288562e+01 1.972219613877884825e+01
1.004876813108376297e+02 2.253965273003305825e+01
1.011512999362934977e+02 1.126982636501647050e+01
1.011512999362935830e+02 1.690473954752476260e+01
1.016234811637581856e+02 1.690473954752476260e+01
1.017970180538201106e+02 1.972219613877896904e+01
1.021820779034701445e+02 1.972219613877884825e+01
1.022576477071261394e+02 1.267855466064363235e+01
1.024388260606550034e+02 1.831346784315180898e+01
1.026355195223814292e+02 1.831346784315192622e+01
1.031065500937821611e+02 1.408728295627067695e+01
1.034044304592625849e+02 1.267855466064351333e+01
1.042875589820762912e+02 2.253965273003317549e+01
1.045683188953007487e+02 1.690473954752476260e+01
1.046295907457126049e+02 1.831346784315180898e+01
1.047772260930186548e+02 2.253965273003305825e+01
1.047931592177752123e+02 1.831346784315180898e+01
1.049885201077990757e+02 3.662693568630361796e+01
1.053215478543928185e+02 1.549601125189771977e+01
1.053215478543928896e+02 1.267855466064351333e+01
1.055932448510594384e+02 1.408728295627067695e+01
1.059653846246073670e+02 1.831346784315180898e+01
1.060535236093189724e+02 1.267855466064363235e+01
1.072527256313539112e+02 1.831346784315180898e+01
1.073469601703424416e+02 1.690473954752476260e+01
1.073469601703424985e+02 1.690473954752476260e+01
1.073766442522824889e+02 1.408728295627067695e+01
1.073815935845064899e+02 2.394838102566010107e+01
1.075730432304577278e+02 2.253965273003294101e+01
1.075987805368993406e+02 2.535710932128702666e+01
1.078628724523996141e+02 2.253965273003305825e+01
1.081120053994565211e+02 3.521820739067668882e+01
1.088437435599263949e+02 1.126982636501658774e+01
1.091716203366593732e+02 1.831346784315180898e+01
1.091784534855290758e+02 3.521820739067668882e+01
1.102385332660408039e+02 2.394838102566010107e+01
1.103946906262708865e+02 2.113092443440601542e+01
1.111946160428535819e+02 1.972219613877884825e+01
1.112704332695679454e+02 2.676583761691418673e+01
1.113983686624069946e+02 5.634913182508293872e+00
1.116034490981106586e+02 3.240075079942236158e+01
1.118504219462001714e+02 1.690473954752488339e+01
1.118943104121573953e+02 1.690473954752476260e+01
1.121600306433477527e+02 3.521820739067668882e+01
1.123160597211196432e+02 1.549601125189784057e+01
1.124135885545457256e+02 1.126982636501658774e+01
1.129986839935717029e+02 2.253965273003305825e+01
1.133344484041498106e+02 1.408728295627067695e+01
1.133658199567644118e+02 2.253965273003305825e+01
1.135130286327357538e+02 2.958329420816851396e+01
1.136636765892506702e+02 1.972219613877884825e+01
1.137090145403373072e+02 3.240075079942236158e+01
1.137490238895545076e+02 2.676583761691418673e+01
1.138693084239736066e+02 2.676583761691418673e+01
1.141898695017684133e+02 1.267855466064351333e+01
1.146555762002837042e+02 1.549601125189771977e+01
1.147843452093289187e+02 1.408728295627067695e+01
1.151939962803001976e+02 2.676583761691418673e+01
1.157538163110835399e+02 1.831346784315180898e+01
1.158467294866592709e+02 1.831346784315180898e+01
1.162853835946695682e+02 2.253965273003305825e+01
1.163666087877059141e+02 3.662693568630385244e+01
1.164576988963130191e+02 1.408728295627067695e+01
1.165974810266564816e+02 2.676583761691418673e+01
1.167044451934867766e+02 2.817456591254135390e+01
1.169885675986779177e+02 1.831346784315168819e+01
1.175644791174580490e+02 3.240075079942236158e+01
1.179337011498920873e+02 1.831346784315180898e+01
1.179475366504828173e+02 1.408728295627067695e+01
1.180038567723816811e+02 2.253965273003305825e+01
1.180075799470563140e+02 2.676583761691418673e+01
1.181597228365505146e+02 2.958329420816851396e+01
1.183932567497493977e+02 3.380947909504952520e+01
1.185677687987029856e+02 1.972219613877884825e+01
1.186798357266158064e+02 2.535710932128702666e+01
1.193351127207974685e+02 1.267855466064351333e+01
1.196211914157779432e+02 2.676583761691418673e+01
1.202120317794744722e+02 6.339277330321780113e+01
1.202423152533087318e+02 2.113092443440601542e+01
1.204165686601595127e+02 3.662693568630385244e+01
1.217816503921780793e+02 2.676583761691418673e+01
1.220913246347623584e+02 3.521820739067668882e+01
1.224222674555568631e+02 3.099202250379543955e+01
1.230745303877918815e+02 2.253965273003305825e+01
1.233226912536031108e+02 2.253965273003305825e+01
1.236227549247685715e+02 2.958329420816827593e+01
1.238507029608551875e+02 3.521820739067668882e+01
1.239286937820139229e+02 2.394838102566010107e+01
1.240588421140729736e+02 3.240075079942236158e+01
1.244699167565335785e+02 3.662693568630385244e+01
1.245599656645164686e+02 1.831346784315168819e+01
1.253436159533642211e+02 2.535710932128702666e+01
1.256766270787315563e+02 2.958329420816851396e+01
1.261653607157381600e+02 2.676583761691418673e+01
1.264867250363490996e+02 3.099202250379543955e+01
1.265122879021814839e+02 3.099202250379543955e+01
1.266389051672183399e+02 3.803566398193077447e+01
1.274410953923616461e+02 3.521820739067668882e+01
1.274754403990853717e+02 2.394838102566010107e+01
1.274754403990854144e+02 2.394838102566010107e+01
1.276523371721897746e+02 2.253965273003317549e+01
1.277631348315104134e+02 3.240075079942236158e+01
1.280105136773766787e+02 3.944439227755769650e+01
1.281977863851676318e+02 3.803566398193053288e+01
1.283085123543935993e+02 2.958329420816851396e+01
1.290080336426896110e+02 3.240075079942236158e+01
1.290543441979232853e+02 3.099202250379543955e+01
1.296530494987555926e+02 3.521820739067668882e+01
1.304068076393627962e+02 2.394838102566010107e+01
1.308799731307482830e+02 3.521820739067668882e+01
1.312168477860444682e+02 2.253965273003294101e+01
1.322228017077223683e+02 3.521820739067668882e+01
1.325585906704253603e+02 5.212294693820145852e+01
1.328987118997955008e+02 2.394838102566010107e+01
1.338481859331634780e+02 4.085312057318486012e+01
1.343494210896644461e+02 4.930549034694736577e+01
1.346635245226297286e+02 2.394838102566010107e+01
1.354689911858635583e+02 2.958329420816851396e+01
1.356569367529559997e+02 1.972219613877884825e+01
1.360758965064190136e+02 1.690473954752488339e+01
1.366258388475115737e+02 2.676583761691418673e+01
1.378363022751086930e+02 1.267855466064363235e+01
1.382999457930060885e+02 2.394838102566010107e+01
1.387045075550396973e+02 4.367057716443895288e+01
1.387529841802159183e+02 1.408728295627067695e+01
1.387889203056621170e+02 2.817456591254135390e+01
1.389045400684228753e+02 1.972219613877884825e+01
1.390288138765888846e+02 3.099202250379543955e+01
1.393109504074233769e+02 1.408728295627067695e+01
1.393689183203637185e+02 2.676583761691418673e+01
1.401208354213541156e+02 2.535710932128726469e+01
1.425446030437750835e+02 1.126982636501647050e+01
1.425550696889719688e+02 5.353167523382837345e+01
1.437597694050717791e+02 4.367057716443895288e+01
1.444016059374535246e+02 3.944439227755769650e+01
1.449289037076129318e+02 3.099202250379519796e+01
1.452221371496817994e+02 3.944439227755769650e+01
1.457644073798809359e+02 5.071421864257452938e+01
1.457956537175159610e+02 3.521820739067668882e+01
1.459644671688657240e+02 4.930549034694736577e+01
1.465128525284436023e+02 3.521820739067668882e+01
1.468317944750342008e+02 3.099202250379519796e+01
1.472760778188367112e+02 2.113092443440589463e+01
1.477986264036548505e+02 3.944439227755769650e+01
1.479677742520805168e+02 4.930549034694736577e+01
1.488415711211281973e+02 2.676583761691418673e+01
1.489396612554206456e+02 3.944439227755769650e+01
1.495995422653116691e+02 2.113092443440589463e+01
1.496386388162923993e+02 5.071421864257429490e+01
1.499759677829129885e+02 3.662693568630361796e+01
1.501943735285651940e+02 4.226184886881203084e+01
1.501984338552834402e+02 3.521820739067668882e+01
1.506988676575843158e+02 3.803566398193077447e+01
1.511544266090193105e+02 2.394838102566010107e+01
1.513634329909568237e+02 2.676583761691418673e+01
1.518845704510729036e+02 3.662693568630361796e+01
1.519502408082956322e+02 4.226184886881251046e+00
1.520067232014804404e+02 2.817456591254135390e+01
1.524416915469201967e+02 2.394838102566010107e+01
1.531272880920265607e+02 3.099202250379543955e+01
1.534684704037367169e+02 8.734115432887790575e+01
1.543894805286271605e+02 4.226184886881203084e+01
1.544945432300573032e+02 5.634913182508270779e+01
1.547294873644318045e+02 2.394838102566010107e+01
1.551445693385429081e+02 3.803566398193053288e+01
1.551591575633735260e+02 4.789676205132020215e+01
1.558635266199073044e+02 2.253965273003294101e+01
1.564145149049380166e+02 3.521820739067668882e+01
1.566077372286530363e+02 3.521820739067668882e+01
1.568001479768634283e+02 2.958329420816851396e+01
1.568221516588181146e+02 4.226184886881203084e+01
1.572449348665228399e+02 3.240075079942236158e+01
1.573491801864437889e+02 2.253965273003294101e+01
1.574641011646075981e+02 3.944439227755769650e+01
1.578634202070530534e+02 4.930549034694712418e+01
1.580412214022324520e+02 3.380947909504952520e+01
1.583300844406202827e+02 2.113092443440589463e+01
1.585940396236658501e+02 3.099202250379543955e+01
1.590240697289770537e+02 2.253965273003294101e+01
1.591959860001761342e+02 2.958329420816851396e+01
1.592393394716634418e+02 3.521820739067668882e+01
1.595742897747207678e+02 5.071421864257429490e+01
1.600438633282767853e+02 3.099202250379543955e+01
1.602896860543698665e+02 3.803566398193077447e+01
1.603679992537208818e+02 3.099202250379543955e+01
1.606627716737552021e+02 4.930549034694712418e+01
1.607946799940364713e+02 3.521820739067668882e+01
1.608790884470308242e+02 3.944439227755769650e+01
1.609597553785396258e+02 2.535710932128702666e+01
1.614240418420542085e+02 2.535710932128702666e+01
1.615339974033778105e+02 4.789676205132020215e+01
1.616604011931367495e+02 2.394838102566010107e+01
1.617761559870144481e+02 6.198404500759087910e+01
1.617761559870145049e+02 2.817456591254135390e+01
1.620657930429947839e+02 6.057531671196370837e+01
1.621149743936632319e+02 2.253965273003294101e+01
1.621187274812872943e+02 5.212294693820121694e+01
1.623234906023879205e+02 3.803566398193077447e+01
1.623329210582870132e+02 5.775786012070962983e+01
1.623973446773588876e+02 6.339277330321804271e+01
1.624147540035811232e+02 2.535710932128702666e+01
1.628819425077523704e+02 2.535710932128702666e+01
1.632319154313723004e+02 2.676583761691418673e+01
1.635950475820799568e+02 3.944439227755769650e+01
1.636883291952236164e+02 5.212294693820145852e+01
1.639930334638326315e+02 2.253965273003317549e+01
1.641875977445669719e+02 4.648803375569303853e+01
1.641875977445670287e+02 3.240075079942236158e+01
1.642658165065139713e+02 2.958329420816827593e+01
1.643675261472324678e+02 2.535710932128702666e+01
1.646216151827676981e+02 2.394838102566010107e+01
1.649618339632141613e+02 2.253965273003294101e+01
1.650009290434561819e+02 3.803566398193077447e+01
1.657401556993438874e+02 2.676583761691418673e+01
1.660500802719131741e+02 5.634913182508270779e+01
1.663762767114471046e+02 5.775786012070962983e+01
1.666927691419618895e+02 2.676583761691418673e+01
1.669623888464840604e+02 2.817456591254135390e+01
1.670754508607408013e+02 1.690473954752476260e+01
1.671554333331932867e+02 2.676583761691418673e+01
1.673597736054057350e+02 5.071421864257429490e+01
1.677620566571042673e+02 2.394838102566010107e+01
1.682922472362941164e+02 3.944439227755769650e+01
1.684043046256208527e+02 5.212294693820145852e+01
1.684588051633627686e+02 2.676583761691418673e+01
1.691149521478538986e+02 2.817456591254135390e+01
1.693121462808490207e+02 2.817456591254135390e+01
1.695911444463629891e+02 2.676583761691418673e+01
1.696695612725519311e+02 2.535710932128726469e+01
1.698016913015563034e+02 2.676583761691418673e+01
1.705161244611588245e+02 2.676583761691418673e+01
1.705999606935405666e+02 7.888878455511563459e+01
1.720044401529810898e+02 2.676583761691418673e+01
1.721098556294076616e+02 5.212294693820145852e+01
1.721532137590079969e+02 2.817456591254135390e+01
1.721957278009239189e+02 3.944439227755769650e+01
1.722503263650839642e+02 2.676583761691418673e+01
1.722933220080266494e+02 2.676583761691418673e+01
1.727361012395678301e+02 6.621022989447189389e+01
1.729640795086287710e+02 6.198404500759087910e+01
1.737011295102507802e+02 4.507930546006611650e+01
1.737011295102509507e+02 2.535710932128702666e+01
1.738624432310522536e+02 2.676583761691418673e+01
1.743012820235658182e+02 7.043641478135338474e+00
1.743941070208535962e+02 5.916658841633655186e+01
1.745750194818418777e+02 2.676583761691418673e+01
1.756020870666586973e+02 2.958329420816851396e+01
1.758393397375729705e+02 1.408728295627055616e+01
1.758930235649368399e+02 6.057531671196370837e+01
1.770819215033508272e+02 3.099202250379543955e+01
1.776000734693777758e+02 7.043641478135338474e+00
1.777879581501788095e+02 2.676583761691418673e+01
1.779713433883622429e+02 2.958329420816851396e+01
1.780053066163093547e+02 2.113092443440601542e+01
1.780720267876648393e+02 6.057531671196370837e+01
1.785608554214700519e+02 1.549601125189759898e+01
1.787192663611987200e+02 3.099202250379543955e+01
1.796237462284561275e+02 2.676583761691418673e+01
1.797988531586840679e+02 9.861098069389424126e+00
1.805590795385135152e+02 6.057531671196370837e+01
1.811165378998431379e+02 6.057531671196370837e+01
1.814013516797814134e+02 5.071421864257452938e+01
1.815336612241253818e+02 2.676583761691418673e+01
1.818651732306948645e+02 2.253965273003294101e+01
1.818972116014097651e+02 1.408728295627055616e+01
1.829193124995350388e+02 6.902768648572622112e+01
1.831823473568320537e+02 9.861098069389424126e+00
1.835805605710245629e+02 6.902768648572622112e+01
1.841515481560481078e+02 5.353167523382837345e+01
1.845143841425484936e+02 5.634913182508174856e+00
1.853918277425471501e+02 5.071421864257452938e+01
1.853925069276614011e+02 2.253965273003294101e+01
1.856153835098398588e+02 1.267855466064351333e+01
1.860750224680520830e+02 5.494040352945553707e+01
1.870920697123509626e+02 6.198404500759087910e+01
1.871477274913818576e+02 5.212294693820145852e+01
1.886759389268940481e+02 2.817456591254087428e+00
1.901152182205612746e+02 3.099202250379543955e+01
1.909844632751734821e+02 6.057531671196370837e+01
1.913061460875024977e+02 3.099202250379543955e+01
1.915447455323779309e+02 1.126982636501658774e+01
1.916426404371268859e+02 3.240075079942236158e+01
1.929975304482237277e+02 1.408728295627163396e+00
1.935978122201309191e+02 1.126982636501658774e+01
1.936850346067439830e+02 6.057531671196370837e+01
1.937719110279567190e+02 6.339277330321804271e+01
1.943427468509291316e+02 2.253965273003305825e+01
1.945831169019517120e+02 1.408728295627067695e+01
1.950376579587736501e+02 6.057531671196370837e+01
1.957153137956618423e+02 1.126982636501658774e+01
1.990928392331996974e+02 6.057531671196370837e+01
2.021740960723190881e+02 3.521820739067668882e+01
2.303115124479253097e+02 3.099202250379543955e+01
2.404977480821295615e+02 1.267855466064363235e+01
2.458459397410025531e+02 5.634913182508174856e+00
2.466153016809470557e+02 8.452369773762381300e+00
