# data from file /Users/tpaneque/Documents/MAPS/gmaur/GM_Aur_13CO_220GHz.robust_0.5.JvMcorr.image.fits
# parameters used:
# PA: -57.2
# inc: 53.2
# dist: 159.0 
# vsys: 5.6
# r[au] h[au]
1.851330857899133875e+01 3.980273735331325113e+00
2.305568076985738557e+01 3.980273735331325113e+00
2.385807845918901293e+01 1.326757911777145971e+00
2.405658969249438073e+01 3.980273735331325113e+00
2.482919467523110058e+01 5.307031647108357397e+00
2.919529233361419074e+01 2.653515823554291941e+00
2.919529233361419074e+01 2.653515823554291941e+00
3.152507525858677084e+01 2.653515823554291941e+00
3.364669271514924986e+01 1.326757911777145971e+00
3.438934441892329374e+01 6.633789558885503368e+00
3.638807888825265735e+01 3.980273735331325113e+00
3.638807888825265735e+01 6.633789558885503368e+00
3.651578331778070918e+01 1.326757911777145971e+00
3.787156103684696973e+01 1.326757911777145971e+00
3.803631155234819516e+01 5.307031647108357397e+00
3.969534495355836867e+01 1.326757911777145971e+00
4.136387951585046352e+01 2.653515823554291941e+00
4.412194451697556730e+01 2.653515823554291941e+00
4.412194451697556730e+01 2.653515823554291941e+00
4.569336824151184828e+01 1.326757911777145971e+00
4.641621591999789587e+01 3.980273735331325113e+00
4.889008651750519618e+01 3.980273735331325113e+00
4.889008651750519618e+01 6.633789558885503368e+00
4.981547614825584702e+01 1.326757911777145971e+00
5.013093580568329344e+01 -0.000000000000000000e+00
5.143190325583561417e+01 1.326757911777145971e+00
5.188830084314853508e+01 1.326757911777145971e+00
5.197333410415731692e+01 2.653515823554291941e+00
5.212827565951826614e+01 1.326757911777145971e+00
5.212827565951826614e+01 1.326757911777145971e+00
5.320541716120933273e+01 5.307031647108357397e+00
5.322645230582513420e+01 3.980273735331325113e+00
5.367251748324812155e+01 5.307031647108357397e+00
5.367251748324812155e+01 5.307031647108357397e+00
5.540430036884082199e+01 1.326757911777145971e+00
5.540611837239212889e+01 6.633789558885503368e+00
5.553992573697384927e+01 1.326757911777145971e+00
5.674157299695993117e+01 1.326757911777145971e+00
5.674889516832342196e+01 2.653515823554291941e+00
5.674889516832342196e+01 2.653515823554291941e+00
5.674889516832350012e+01 -0.000000000000000000e+00
5.716638087343311270e+01 5.307031647108357397e+00
5.957759894066496997e+01 3.980273735331325113e+00
6.037245174471929232e+01 2.653515823554291941e+00
6.037245174471929232e+01 2.653515823554291941e+00
6.037245174471929232e+01 2.653515823554291941e+00
6.052625909651482772e+01 3.980273735331325113e+00
6.052625909651482772e+01 3.980273735331325113e+00
6.080871274083584410e+01 1.326757911777145971e+00
6.183945317759550164e+01 1.326757911777145971e+00
6.184372874720484958e+01 2.653515823554291941e+00
6.184372874720499880e+01 -0.000000000000000000e+00
6.191082024022369268e+01 2.653515823554291941e+00
6.204581927377574857e+01 1.326757911777145971e+00
6.266524143607174580e+01 1.326757911777145971e+00
6.372144258187464061e+01 -0.000000000000000000e+00
6.452549062389584833e+01 2.653515823554291941e+00
6.465113558518697801e+01 1.326757911777145971e+00
6.465113558518703485e+01 1.326757911777145971e+00
6.530693688663849628e+01 5.307031647108357397e+00
6.530693688663849628e+01 5.307031647108357397e+00
6.540222857992945649e+01 1.326757911777145971e+00
6.633036489483043852e+01 5.307031647108357397e+00
6.633036489483043852e+01 5.307031647108357397e+00
6.708778923822620754e+01 5.307031647108357397e+00
6.787884166897320881e+01 1.326757911777145971e+00
6.870419323881530715e+01 3.980273735331325113e+00
6.877777351491604918e+01 3.980273735331211871e+00
6.911262644830826218e+01 7.960547470662650227e+00
7.013147166335072313e+01 5.307031647108357397e+00
7.113696488302885257e+01 3.980273735331211871e+00
7.249312336226073228e+01 5.307031647108357397e+00
7.277615777650528628e+01 5.307031647108357397e+00
7.302932536266102659e+01 6.633789558885503368e+00
7.405323431596519868e+01 1.061406329421671479e+01
7.450261058345971321e+01 9.287305382439681622e+00
7.598657082275749985e+01 1.326757911777100674e+01
7.710914410518493867e+01 1.326757911777100674e+01
7.711436908626930631e+01 1.061406329421671479e+01
7.722018543516013267e+01 9.287305382439681622e+00
7.748270523283483158e+01 1.194082120599386165e+01
7.772135318557721462e+01 1.194082120599386165e+01
7.991855316339811566e+01 5.307031647108357397e+00
8.026963150709049444e+01 9.287305382439681622e+00
8.134239856635214494e+01 1.194082120599386165e+01
8.201998214320134650e+01 5.307031647108357397e+00
8.201998214320134650e+01 5.307031647108357397e+00
8.201998214320134650e+01 5.307031647108357397e+00
8.271497355492438430e+01 1.326757911777100674e+01
8.271786568095176051e+01 1.194082120599386165e+01
8.357582964491068367e+01 9.287305382439681622e+00
8.371660817028589463e+01 1.724785285310221994e+01
8.512334275248520044e+01 5.307031647108357397e+00
8.557985851004380606e+01 1.194082120599386165e+01
8.557985851004386291e+01 6.633789558885503368e+00
8.584670697427492314e+01 1.724785285310221994e+01
8.634575183215403626e+01 7.960547470662650227e+00
8.908618971221353888e+01 1.326757911777100674e+01
8.945038565096825778e+01 1.326757911777100674e+01
9.014629531685187658e+01 1.194082120599386165e+01
9.139555369325121603e+01 7.960547470662650227e+00
9.239362819883427846e+01 1.326757911777100674e+01
9.276559312080749464e+01 1.326757911777145971e+00
9.298206779343783523e+01 9.287305382439681622e+00
9.316617645971363970e+01 1.326757911777145971e+00
9.398766375128653294e+01 1.194082120599386165e+01
9.408573195588041926e+01 1.061406329421682848e+01
9.448071828019237728e+01 1.326757911777100674e+01
9.498155341944836039e+01 1.194082120599386165e+01
9.498155341944843144e+01 6.633789558885503368e+00
9.543007091609349857e+01 9.287305382439681622e+00
9.713688229507492622e+01 1.724785285310221994e+01
9.840684909584057039e+01 1.592109494132507486e+01
9.931056654456611454e+01 1.194082120599386165e+01
1.000558506024737824e+02 1.326757911777100674e+01
1.000587448415784309e+02 1.194082120599386165e+01
1.000587448415784309e+02 1.194082120599386165e+01
1.008661411628576587e+02 5.307031647108357397e+00
1.009400781454477425e+02 9.287305382439681622e+00
1.013154277636769507e+02 5.307031647108357397e+00
1.039466682083147759e+02 1.326757911777100674e+01
1.039982218784843866e+02 1.061406329421671479e+01
1.053390693537567415e+02 1.194082120599386165e+01
1.053390693537567415e+02 1.194082120599386165e+01
1.058252584215378391e+02 9.287305382439681622e+00
1.058880154424817732e+02 1.194082120599386165e+01
1.067450157561791571e+02 1.724785285310221994e+01
1.073450349664962431e+02 1.061406329421671479e+01
1.086055558473416198e+02 1.326757911777100674e+01
1.095473499533421347e+02 9.287305382439681622e+00
1.107478255679512671e+02 1.459433702954804168e+01
1.107587392165824980e+02 1.459433702954804168e+01
1.107934873045431203e+02 1.194082120599386165e+01
1.111815184460515411e+02 -0.000000000000000000e+00
1.119367980644801719e+02 9.287305382439681622e+00
1.124568901020819283e+02 9.287305382439681622e+00
1.124937998686646381e+02 9.287305382439681622e+00
1.134889152029990669e+02 1.326757911777100674e+01
1.140253175499277916e+02 1.592109494132518677e+01
1.147156055814150193e+02 1.326757911777145971e+00
1.149806063618152763e+02 1.061406329421671479e+01
1.150529145176254531e+02 9.287305382439681622e+00
1.150529145176254957e+02 9.287305382439681622e+00
1.154069913169684156e+02 1.326757911777100674e+01
1.154740271600621213e+02 6.633789558885503368e+00
1.154740271600621213e+02 1.194082120599386165e+01
1.159340850931071145e+02 1.326757911777100674e+01
1.168878851218205313e+02 9.287305382439681622e+00
1.183826537258458842e+02 6.633789558885503368e+00
1.192090465050001029e+02 1.592109494132507486e+01
1.192903922959448266e+02 1.194082120599386165e+01
1.192903922959448835e+02 1.194082120599386165e+01
1.194778662468123400e+02 1.592109494132518677e+01
1.202620112398580687e+02 9.287305382439681622e+00
1.205863121740995894e+02 9.287305382439681622e+00
1.209329337021125923e+02 -0.000000000000000000e+00
1.209329337021127060e+02 1.592109494132507486e+01
1.213333387047655805e+02 6.633789558885503368e+00
1.215258460807709469e+02 9.287305382439681622e+00
1.216174254816716882e+02 5.307031647108357397e+00
1.230561989612109670e+02 5.307031647108357397e+00
1.244869124912477645e+02 1.326757911777145971e+00
1.247781577359372278e+02 1.326757911777100674e+01
1.248987986160819332e+02 9.287305382439681622e+00
1.250698132530923061e+02 7.960547470662537428e+00
1.250698132530923061e+02 1.592109494132518677e+01
1.251578124257726472e+02 9.287305382439681622e+00
1.257659195353249402e+02 1.194082120599386165e+01
1.270750925914366007e+02 5.307031647108357397e+00
1.272418155740335806e+02 1.724785285310221994e+01
1.274428851637492812e+02 5.307031647108357397e+00
1.276194687597339197e+02 1.061406329421671479e+01
1.276911184713504639e+02 1.194082120599386165e+01
1.276911184713504639e+02 1.459433702954804168e+01
1.288064439471076525e+02 2.653515823554178699e+00
1.293022711703740129e+02 1.326757911777100674e+01
1.305875545883359337e+02 1.326757911777145971e+00
1.308044571598590551e+02 2.653515823554178699e+00
1.318002121377661808e+02 1.592109494132507486e+01
1.322152685102174416e+02 1.326757911777145971e+00
1.331270904332184273e+02 7.960547470662537428e+00
1.347660372526360391e+02 1.459433702954804168e+01
1.348645905547593031e+02 1.724785285310221994e+01
1.357576833379464745e+02 1.061406329421671479e+01
1.359933323033222052e+02 3.980273735331325113e+00
1.359933323033222052e+02 1.194082120599386165e+01
1.375433726150966720e+02 1.724785285310221994e+01
1.375573776756932034e+02 2.388164241198772331e+01
1.386787119463578790e+02 1.592109494132507486e+01
1.395050008638835948e+02 1.724785285310221994e+01
1.400845910326828516e+02 1.459433702954804168e+01
1.402606991560651295e+02 1.459433702954804168e+01
1.423020442155850276e+02 2.122812658843342959e+01
1.434430311120820818e+02 1.724785285310221994e+01
1.434459276915094108e+02 2.388164241198772331e+01
1.434612873625717953e+02 1.194082120599386165e+01
1.438081532924129817e+02 9.287305382439681622e+00
1.442533065863444222e+02 1.990136867665639642e+01
1.444041916547295159e+02 1.061406329421671479e+01
1.447735783054768319e+02 1.326757911777145971e+00
1.460401399331014431e+02 3.980273735331325113e+00
1.460586507253219679e+02 1.326757911777100674e+01
1.460631332711227230e+02 1.326757911777100674e+01
1.465506319238646427e+02 1.990136867665651010e+01
1.480984852463749633e+02 2.122812658843342959e+01
1.483619515528303054e+02 2.122812658843354328e+01
1.490052211669195401e+02 1.592109494132507486e+01
1.490849804310369962e+02 1.724785285310221994e+01
1.493778727675210973e+02 1.459433702954804168e+01
1.498769966277477863e+02 2.520840032376475648e+01
1.500443807603742812e+02 5.307031647108357397e+00
1.501049912589336941e+02 1.724785285310221994e+01
1.505080270589021154e+02 1.592109494132507486e+01
1.512714773849174037e+02 1.061406329421671479e+01
1.514255966729206762e+02 1.326757911777089483e+01
1.520275922655469287e+02 1.326757911777100674e+01
1.528459394815536143e+02 3.980273735331211871e+00
1.529098859844875449e+02 2.653515823554178699e+00
1.541932447306458300e+02 2.255488450021057645e+01
1.542287381725386126e+02 2.122812658843342959e+01
1.544403708703203506e+02 5.307031647108357397e+00
1.552853577567919956e+02 2.520840032376475648e+01
1.570916668898575210e+02 3.051543197087322667e+01
1.587578269119590288e+02 2.520840032376487017e+01
1.591592747920236093e+02 2.786191614731893296e+01
1.597422945750617203e+02 1.857461076487936324e+01
1.603700501831528982e+02 2.122812658843342959e+01
1.613137265597397914e+02 2.388164241198772331e+01
1.618369139853021466e+02 2.786191614731893296e+01
1.625437553208276711e+02 1.990136867665639642e+01
1.637105306394803961e+02 6.633789558885503368e+00
1.638752882233835066e+02 7.960547470662650227e+00
1.640638044935259927e+02 2.520840032376475648e+01
1.642622992893494995e+02 1.990136867665639642e+01
1.642622992893494995e+02 2.786191614731893296e+01
1.646375701159748530e+02 1.326757911777100674e+01
1.648172698770765408e+02 2.520840032376487017e+01
1.648172698770765408e+02 3.316894779442728947e+01
1.683634575161387943e+02 2.918867405909608337e+01
1.692300786604918699e+02 2.786191614731893296e+01
1.699192077756743515e+02 1.194082120599386165e+01
1.702092940819350986e+02 1.061406329421671479e+01
1.702333728044986572e+02 2.122812658843342959e+01
1.717756925675486457e+02 1.724785285310221994e+01
1.735019481066006506e+02 7.960547470662650227e+00
1.738943765685441463e+02 2.388164241198772331e+01
1.751717540016854855e+02 1.326757911777100674e+01
1.780501128429862092e+02 1.194082120599386165e+01
1.781723794244271915e+02 1.857461076487936324e+01
1.796569259019017011e+02 1.724785285310221994e+01
1.810086752569257840e+02 1.326757911777100674e+01
1.827734729660472794e+02 2.122812658843342959e+01
1.828819303524043391e+02 1.592109494132507486e+01
1.855183595327865760e+02 1.326757911777145971e+00
1.857324607206712699e+02 2.122812658843342959e+01
1.868552346724740403e+02 2.255488450021057645e+01
1.884787135919468994e+02 9.287305382439681622e+00
1.884787135919468994e+02 2.520840032376475648e+01
1.888697372245384543e+02 3.316894779442728947e+01
1.889614365603848967e+02 2.653515823554178965e+01
1.891072103896628676e+02 1.857461076487936324e+01
1.894571519475032630e+02 9.287305382439681622e+00
1.899664270568940196e+02 1.326757911777100674e+01
1.904424040522309554e+02 3.714922152975872649e+01
1.914390158809646039e+02 3.051543197087311299e+01
1.927674294116692124e+02 3.980273735331279283e+01
1.936771184788047151e+02 3.316894779442728947e+01
1.940406394828526686e+02 1.592109494132507486e+01
1.941531018736949648e+02 2.520840032376475648e+01
1.944172916762099987e+02 2.520840032376487017e+01
1.952185998874537347e+02 3.316894779442728947e+01
1.952392375815107641e+02 2.786191614731893296e+01
1.953774094910830854e+02 3.184218988265025985e+01
1.955248273224142679e+02 2.122812658843354328e+01
1.962066857397884974e+02 2.520840032376475648e+01
1.974646469951665324e+02 3.714922152975861280e+01
1.986056016052483812e+02 3.316894779442728947e+01
1.990875494454820114e+02 3.449570570620443988e+01
1.991845323391543729e+02 3.051543197087311299e+01
1.992619045930235018e+02 2.122812658843342959e+01
2.001117012049476500e+02 4.245625317686708655e+01
2.024613917487838251e+02 4.245625317686697286e+01
2.029181746939685809e+02 3.847597944153576321e+01
2.032852826415837058e+02 3.582246361798146950e+01
2.035486359149491875e+02 4.112949526508994325e+01
2.036365250069196975e+02 4.112949526508994325e+01
2.042219922783501715e+02 3.051543197087322667e+01
2.048312300678909139e+02 4.112949526508994325e+01
2.060417521525479572e+02 3.847597944153564953e+01
2.062937745413157415e+02 4.112949526508994325e+01
2.064888524729952053e+02 4.112949526508994325e+01
2.069439801713577651e+02 4.909004273575247623e+01
2.075322734851435769e+02 3.582246361798146950e+01
2.078463561535230895e+02 3.714922152975872649e+01
2.088663590785858730e+02 5.572383229463786591e+01
2.095011944626234595e+02 4.378301108864412328e+01
2.097115411804973064e+02 3.847597944153576321e+01
2.101434159401615887e+02 3.847597944153576321e+01
2.106781387075135683e+02 3.714922152975861280e+01
2.116962792792534742e+02 4.776328482397544661e+01
2.119167126984070251e+02 3.582246361798146950e+01
2.131683333713395143e+02 3.847597944153576321e+01
2.132477964233306977e+02 4.776328482397544661e+01
2.145412886932849403e+02 2.918867405909608337e+01
2.152040513888338182e+02 3.582246361798158318e+01
2.152045450064141221e+02 5.572383229463786591e+01
2.159962111789612891e+02 4.776328482397544661e+01
2.167875835560527946e+02 3.847597944153576321e+01
2.174662801040701936e+02 5.307031647108369299e+01
2.177716709133427742e+02 5.041680064752951296e+01
2.185685861779610946e+02 3.316894779442728947e+01
2.193643587580499172e+02 4.112949526508994325e+01
2.194594789843429510e+02 4.776328482397544661e+01
2.201738038258235122e+02 3.980273735331279283e+01
2.205612944275887912e+02 3.847597944153576321e+01
2.208222900731114748e+02 3.316894779442728947e+01
2.215898724760839968e+02 5.174355855930665626e+01
2.217705874493026386e+02 4.112949526508994325e+01
2.222732377879603405e+02 3.316894779442728947e+01
2.229046269315056179e+02 5.307031647108380668e+01
2.235078317503792675e+02 4.909004273575247623e+01
2.237060410185070509e+02 5.572383229463786591e+01
2.238983196609390802e+02 3.714922152975861280e+01
2.241586262792014566e+02 3.316894779442728947e+01
2.242832174187230692e+02 4.510976900042115290e+01
2.258267999692702404e+02 3.582246361798158318e+01
2.258392171836357818e+02 4.510976900042115290e+01
2.269514954112693772e+02 4.643652691219830331e+01
2.284888842331280330e+02 3.582246361798158318e+01
2.285411813695818921e+02 4.378301108864412328e+01
2.286899990893622316e+02 4.909004273575247623e+01
2.288321621512337458e+02 3.980273735331279283e+01
2.302712562348194751e+02 4.909004273575236255e+01
2.312944070415039732e+02 4.909004273575247623e+01
2.313274323155549155e+02 5.307031647108369299e+01
2.316656600925456644e+02 3.582246361798158318e+01
2.332285451641261602e+02 4.510976900042115290e+01
2.332504468748448687e+02 4.776328482397533293e+01
2.356847517906768417e+02 4.510976900042115290e+01
2.358354966939708390e+02 4.909004273575236255e+01
2.368668634373278508e+02 5.307031647108369299e+01
2.401442927925801030e+02 4.510976900042115290e+01
2.414668129113499617e+02 4.909004273575236255e+01
2.420718593128470388e+02 4.510976900042115290e+01
2.421050363860594530e+02 5.041680064752951296e+01
2.425987418417732613e+02 3.714922152975861280e+01
2.430360988944178473e+02 5.439707438286084340e+01
2.431709866500427495e+02 1.724785285310221994e+01
2.433840235110551760e+02 5.705059020641501633e+01
2.434903928868685625e+02 5.970410602996907556e+01
2.453425900639647352e+02 5.439707438286084340e+01
2.453425900639647921e+02 3.847597944153576321e+01
2.455596122782781094e+02 4.112949526508994325e+01
2.474143194966999317e+02 4.112949526508994325e+01
2.479343765016491545e+02 4.378301108864400959e+01
2.488347934378739694e+02 4.909004273575247623e+01
2.491379574625622695e+02 5.174355855930665626e+01
2.491379574625623547e+02 5.439707438286072971e+01
2.491859999523256874e+02 3.714922152975861280e+01
2.496296569590844001e+02 5.439707438286084340e+01
2.516552360485287352e+02 5.572383229463786591e+01
2.526897568007042594e+02 4.909004273575247623e+01
2.529126979060947065e+02 5.705059020641501633e+01
2.536911450259327694e+02 6.235762185352337639e+01
2.538195581264429848e+02 6.501113767707754221e+01
2.540300276571031475e+02 5.439707438286084340e+01
2.565580492537849295e+02 5.307031647108369299e+01
2.565646836467354319e+02 5.705059020641501633e+01
2.565727532296207301e+02 5.041680064752951296e+01
2.568125677532029840e+02 4.909004273575236255e+01
2.571879336443075204e+02 5.041680064752951296e+01
2.581064504463649314e+02 4.776328482397533293e+01
2.592443101116360822e+02 5.705059020641501633e+01
2.602966839575826157e+02 6.235762185352337639e+01
2.609855811690631526e+02 6.766465350063172934e+01
2.615781102324082781e+02 5.041680064752951296e+01
2.618328251581813788e+02 6.899141141240887976e+01
2.619747495706334917e+02 8.358574844195679532e+01
2.635074155507230103e+02 7.429844305951722561e+01
2.636004242755322480e+02 5.307031647108369299e+01
2.638524234270513489e+02 6.103086394174622598e+01
2.646010879420468314e+02 6.766465350063172934e+01
2.649777393262720580e+02 6.368437976530051969e+01
2.653058463895171712e+02 5.705059020641501633e+01
2.661142400464898401e+02 5.307031647108380668e+01
2.664510010747909519e+02 4.643652691219830331e+01
2.666663608133408729e+02 6.633789558885457893e+01
2.679088140034680237e+02 4.112949526508994325e+01
2.681127948303223434e+02 5.174355855930665626e+01
2.681127948303224002e+02 8.358574844195679532e+01
2.685032218224378084e+02 4.909004273575236255e+01
2.691735417211938284e+02 4.510976900042115290e+01
2.701494441626489333e+02 5.705059020641501633e+01
2.706802684273404225e+02 5.041680064752951296e+01
2.729471756869525620e+02 6.766465350063172934e+01
2.735217551045076334e+02 8.491250635373394573e+01
2.761506363807530988e+02 7.562520097129426233e+01
2.769474909338832163e+02 6.899141141240887976e+01
2.782497570928721871e+02 5.439707438286084340e+01
2.788920094831026972e+02 6.368437976530051969e+01
2.800262850810094619e+02 4.776328482397533293e+01
2.802978176408861373e+02 7.562520097129437602e+01
2.810192488091599898e+02 6.368437976530051969e+01
2.812728298982485740e+02 8.889278008906526907e+01
2.816214961288083600e+02 5.572383229463786591e+01
2.818915856251628043e+02 5.705059020641501633e+01
2.821938597522840269e+02 7.562520097129426233e+01
2.839707964889277605e+02 5.307031647108369299e+01
2.840021365371779893e+02 6.633789558885457893e+01
2.844200061916363325e+02 6.103086394174622598e+01
2.845109980197121331e+02 5.970410602996918925e+01
2.850320142190170145e+02 6.899141141240887976e+01
2.859949372146746214e+02 7.695195888307129906e+01
2.861728023597338506e+02 7.164492723596305268e+01
2.863237381429914308e+02 6.899141141240887976e+01
2.868860622241639362e+02 6.368437976530051969e+01
2.880352672222183514e+02 7.297168514774008941e+01
2.885829142609754854e+02 4.510976900042115290e+01
2.887469433887884520e+02 6.899141141240887976e+01
2.888759435402216127e+02 6.501113767707754221e+01
2.888828613125596121e+02 7.164492723596293899e+01
2.901473073049795062e+02 6.766465350063172934e+01
2.911046311060212020e+02 4.510976900042115290e+01
2.912962945053031945e+02 5.970410602996918925e+01
2.914946539707886473e+02 6.501113767707754221e+01
2.916046701979599334e+02 6.368437976530051969e+01
2.920821280493849486e+02 6.103086394174622598e+01
2.921849031978818516e+02 6.899141141240887976e+01
2.931975476175394419e+02 7.429844305951722561e+01
2.936587440900533466e+02 7.164492723596293899e+01
2.952151760933050468e+02 4.378301108864412328e+01
2.966957992432689935e+02 6.103086394174622598e+01
2.970235334877247055e+02 4.776328482397533293e+01
2.976450542258876908e+02 7.297168514774008941e+01
2.978928488087482265e+02 4.643652691219830331e+01
2.979637527332673699e+02 5.970410602996918925e+01
2.994848516378206682e+02 6.368437976530051969e+01
2.996054042639740373e+02 6.368437976530051969e+01
2.997889385234793735e+02 5.041680064752951296e+01
3.009833468767167801e+02 3.714922152975872649e+01
3.021935730094402857e+02 7.695195888307129906e+01
3.028511933458411818e+02 6.368437976530051969e+01
3.059305065668380053e+02 7.695195888307141274e+01
3.059980565305729101e+02 7.297168514774008941e+01
3.063344976414109624e+02 7.164492723596293899e+01
3.070441944118194328e+02 6.899141141240887976e+01
3.072598456106856588e+02 7.297168514774008941e+01
3.078364456571511028e+02 5.307031647108380668e+01
3.099308209313395537e+02 5.837734811819205305e+01
3.099308209313395537e+02 6.633789558885457893e+01
3.100138073544869144e+02 7.562520097129437602e+01
3.109054595947073949e+02 6.235762185352337639e+01
3.111412988957193306e+02 6.501113767707754221e+01
3.117638007884000331e+02 6.766465350063172934e+01
3.118016639927477627e+02 8.225899053017977280e+01
3.119025546614943210e+02 7.164492723596305268e+01
3.125025420813956885e+02 5.705059020641501633e+01
3.131736046527739177e+02 6.766465350063172934e+01
3.134045558734470660e+02 6.103086394174633966e+01
3.136362754288403494e+02 5.837734811819205305e+01
3.139965043862123366e+02 8.225899053017977280e+01
3.142371897983775852e+02 6.633789558885469262e+01
3.145147745734378759e+02 5.705059020641501633e+01
3.159204798239338174e+02 7.164492723596293899e+01
3.168476939101709036e+02 6.368437976530051969e+01
3.168864992544928896e+02 7.960547470662558567e+01
3.176069656932322687e+02 5.705059020641501633e+01
3.177328551714014111e+02 6.766465350063172934e+01
3.181023320025428234e+02 6.235762185352337639e+01
3.189574745037488128e+02 6.103086394174622598e+01
3.196742126535922353e+02 6.103086394174622598e+01
3.210612112555273256e+02 6.368437976530051969e+01
3.216159974654379994e+02 5.307031647108369299e+01
3.230029814647203921e+02 7.960547470662558567e+01
3.241788542914325149e+02 6.766465350063172934e+01
3.245217493608614632e+02 5.174355855930665626e+01
3.248620394596314895e+02 6.633789558885469262e+01
3.258106740409911595e+02 5.439707438286084340e+01
3.279316767851244094e+02 5.041680064752951296e+01
3.287154337619037392e+02 6.766465350063172934e+01
3.291490678160463403e+02 7.960547470662558567e+01
3.292751402319496492e+02 6.103086394174622598e+01
3.293761748214284353e+02 6.501113767707754221e+01
3.307667048192417383e+02 5.174355855930665626e+01
3.308598942196974804e+02 6.899141141240887976e+01
3.315767384858187938e+02 5.705059020641501633e+01
3.320650762966017737e+02 8.225899053017977280e+01
3.322762176497474229e+02 6.501113767707754221e+01
3.328957024209084921e+02 5.705059020641501633e+01
3.342788744134553554e+02 6.501113767707754221e+01
3.343569403972583700e+02 6.899141141240887976e+01
3.344314198443750001e+02 6.766465350063172934e+01
3.352578744227761831e+02 5.572383229463786591e+01
3.356448282477921907e+02 4.643652691219830331e+01
3.360009205813593098e+02 5.307031647108369299e+01
3.361558951886268005e+02 5.307031647108380668e+01
3.366739967313359898e+02 7.827871679484844947e+01
3.376108624879117315e+02 7.695195888307129906e+01
3.376646605359202340e+02 7.031816932418601596e+01
3.383775449687768742e+02 5.174355855930665626e+01
3.387911301431981883e+02 4.378301108864400959e+01
3.389425363168625722e+02 4.112949526508994325e+01
3.394473505486470231e+02 4.909004273575247623e+01
3.401146521447529949e+02 4.112949526508994325e+01
3.407180079431406057e+02 6.899141141240887976e+01
3.415225197105265806e+02 7.827871679484844947e+01
3.415738345062184749e+02 7.562520097129426233e+01
3.416886346256022193e+02 6.235762185352337639e+01
3.417372935698983270e+02 6.766465350063172934e+01
3.420759526497832894e+02 3.714922152975861280e+01
3.421034062662822066e+02 4.776328482397533293e+01
3.439812678544900564e+02 7.562520097129426233e+01
3.442664026206633707e+02 7.429844305951722561e+01
3.454074676137809661e+02 3.582246361798146950e+01
3.455579742449991727e+02 6.235762185352337639e+01
3.467758278444549092e+02 8.491250635373394573e+01
3.470629838229689312e+02 7.960547470662558567e+01
3.509280050922780561e+02 6.899141141240887976e+01
3.530901382596869666e+02 6.501113767707754221e+01
3.536717036827444645e+02 8.358574844195679532e+01
3.547207786024339384e+02 8.358574844195679532e+01
3.562568828508678962e+02 4.112949526508994325e+01
3.579676258620484077e+02 4.112949526508994325e+01
3.580514314637739517e+02 5.307031647108380668e+01
3.598362804781215232e+02 4.378301108864412328e+01
3.608493512760724684e+02 5.174355855930665626e+01
3.620583805979787257e+02 4.643652691219830331e+01
3.626497232473149666e+02 4.776328482397533293e+01
3.638072216858557795e+02 4.510976900042115290e+01
3.648979296166281188e+02 3.316894779442728947e+01
3.651218466085737191e+02 5.307031647108369299e+01
3.659214420037635591e+02 6.103086394174633966e+01
3.662276333232084085e+02 5.307031647108380668e+01
3.672952945557821067e+02 4.643652691219830331e+01
3.673347829169316583e+02 7.031816932418590227e+01
3.676217673716508898e+02 5.041680064752951296e+01
3.682123467162031147e+02 4.909004273575236255e+01
3.683858805113047197e+02 4.776328482397533293e+01
3.691685968836325173e+02 2.918867405909608337e+01
3.702133072615045535e+02 6.103086394174633966e+01
3.703392121536521131e+02 7.562520097129437602e+01
3.714649214413425966e+02 4.510976900042115290e+01
3.716466067920921432e+02 4.643652691219830331e+01
3.718716383696484513e+02 8.491250635373394573e+01
3.726540166203783429e+02 5.041680064752951296e+01
3.732233187445511930e+02 6.501113767707754221e+01
3.746280908400735825e+02 4.776328482397544661e+01
3.756335936011166723e+02 4.510976900042115290e+01
3.763541353538246881e+02 3.582246361798146950e+01
3.795694322225540986e+02 6.501113767707754221e+01
3.807536769530393030e+02 1.061406329421671479e+01
3.813450325811147650e+02 1.857461076487936324e+01
3.817202836643737669e+02 6.899141141240887976e+01
3.833528285637794397e+02 4.643652691219830331e+01
3.864098845451403577e+02 2.786191614731893296e+01
3.875515514445909275e+02 1.326757911777100674e+01
3.892416462526477972e+02 2.520840032376475648e+01
3.973994702136469641e+02 7.827871679484844947e+01
3.983623325403414128e+02 7.297168514774008941e+01
4.318199456426420966e+02 4.909004273575247623e+01
